0.1050  0.0050  0.000000e+00
0.1150  0.0050  0.000000e+00
0.1250  0.0050  0.000000e+00
0.1350  0.0050  0.000000e+00
0.1450  0.0050  0.000000e+00
0.1550  0.0050  0.000000e+00
0.1650  0.0050  0.000000e+00
0.1750  0.0050  0.000000e+00
0.1850  0.0050  0.000000e+00
0.1950  0.0050  0.000000e+00
0.2050  0.0050  0.000000e+00
0.2150  0.0050  0.000000e+00
0.2250  0.0050  0.000000e+00
0.2350  0.0050  0.000000e+00
0.2450  0.0050  0.000000e+00
0.2550  0.0050  0.000000e+00
0.2650  0.0050  0.000000e+00
0.2750  0.0050  0.000000e+00
0.2850  0.0050  0.000000e+00
0.2950  0.0050  0.000000e+00
0.3050  0.0050  0.000000e+00
0.3150  0.0050  0.000000e+00
0.3250  0.0050  0.000000e+00
0.3350  0.0050  0.000000e+00
0.3450  0.0050  0.000000e+00
0.3550  0.0050  0.000000e+00
0.3650  0.0050  0.000000e+00
0.3750  0.0050  0.000000e+00
0.3850  0.0050  0.000000e+00
0.3950  0.0050  0.000000e+00
0.4050  0.0050  0.000000e+00
0.4150  0.0050  0.000000e+00
0.4250  0.0050  0.000000e+00
0.4350  0.0050  0.000000e+00
0.4450  0.0050  0.000000e+00
0.4550  0.0050  0.000000e+00
0.4650  0.0050  0.000000e+00
0.4750  0.0050  0.000000e+00
0.4850  0.0050  0.000000e+00
0.4950  0.0050  0.000000e+00
0.5050  0.0050  0.000000e+00
0.5150  0.0050  0.000000e+00
0.5250  0.0050  0.000000e+00
0.5350  0.0050  0.000000e+00
0.5450  0.0050  0.000000e+00
0.5550  0.0050  0.000000e+00
0.5650  0.0050  0.000000e+00
0.5750  0.0050  0.000000e+00
0.5850  0.0050  0.000000e+00
0.5950  0.0050  0.000000e+00
0.6050  0.0050  0.000000e+00
0.6150  0.0050  0.000000e+00
0.6250  0.0050  0.000000e+00
0.6350  0.0050  0.000000e+00
0.6450  0.0050  0.000000e+00
0.6550  0.0050  0.000000e+00
0.6650  0.0050  0.000000e+00
0.6750  0.0050  0.000000e+00
0.6850  0.0050  0.000000e+00
0.6950  0.0050  9.961635e+03
0.7050  0.0050  3.676475e+04
0.7150  0.0050  5.717093e+04
0.7250  0.0050  7.275032e+04
0.7350  0.0050  8.466335e+04
0.7450  0.0050  9.377706e+04
0.7550  0.0050  1.219227e+05
0.7650  0.0050  1.688197e+05
0.7750  0.0050  2.071399e+05
0.7850  0.0050  2.386063e+05
0.7950  0.0050  2.645750e+05
0.8050  0.0050  2.861073e+05
0.8150  0.0050  3.260914e+05
0.8250  0.0050  3.754242e+05
0.8350  0.0050  4.178730e+05
0.8450  0.0050  4.545986e+05
0.8550  0.0050  4.865593e+05
0.8650  0.0050  5.145257e+05
0.8750  0.0050  5.205987e+05
0.8850  0.0050  5.184129e+05
0.8950  0.0050  5.162491e+05
0.9050  0.0050  5.141457e+05
0.9150  0.0050  5.121431e+05
0.9250  0.0050  5.102555e+05
0.9350  0.0050  5.455903e+05
0.9450  0.0050  5.850780e+05
0.9550  0.0050  6.215374e+05
0.9650  0.0050  6.553396e+05
0.9750  0.0050  6.868195e+05
0.9850  0.0050  7.162453e+05
0.9950  0.0050  7.209902e+05
1.0050  0.0050  7.248291e+05
1.0150  0.0050  7.286053e+05
1.0250  0.0050  7.323438e+05
1.0350  0.0050  7.360649e+05
1.0450  0.0050  7.338047e+05
1.0550  0.0050  6.781714e+05
1.0650  0.0050  6.255577e+05
1.0750  0.0050  5.757239e+05
1.0850  0.0050  5.284122e+05
1.0950  0.0050  4.834185e+05
1.1050  0.0050  4.472732e+05
1.1150  0.0050  4.349561e+05
1.1250  0.0050  4.232748e+05
1.1350  0.0050  4.121824e+05
1.1450  0.0050  4.016365e+05
1.1550  0.0050  3.915980e+05
1.1650  0.0050  3.829715e+05
1.1750  0.0050  3.763939e+05
1.1850  0.0050  3.701373e+05
1.1950  0.0050  3.641937e+05
1.2050  0.0050  3.585306e+05
1.2150  0.0050  3.531343e+05
1.2250  0.0050  3.444935e+05
1.2350  0.0050  3.326171e+05
1.2450  0.0050  3.211514e+05
1.2550  0.0050  3.100705e+05
1.2650  0.0050  2.993507e+05
1.2750  0.0050  2.889700e+05
1.2850  0.0050  2.775441e+05
1.2950  0.0050  2.656317e+05
1.3050  0.0050  2.540501e+05
1.3150  0.0050  2.427771e+05
1.3250  0.0050  2.318035e+05
1.3350  0.0050  2.211037e+05
1.3450  0.0050  2.276778e+05
1.3550  0.0050  2.396788e+05
1.3650  0.0050  2.514945e+05
1.3750  0.0050  2.631357e+05
1.3850  0.0050  2.746128e+05
1.3950  0.0050  2.859354e+05
1.4050  0.0050  2.936750e+05
1.4150  0.0050  3.008892e+05
1.4250  0.0050  3.080347e+05
1.4350  0.0050  3.151121e+05
1.4450  0.0050  3.221364e+05
1.4550  0.0050  3.291585e+05
1.4650  0.0050  3.397778e+05
1.4750  0.0050  3.502950e+05
1.4850  0.0050  3.607154e+05
1.4950  0.0050  3.710443e+05
1.5050  0.0050  3.812609e+05
1.5150  0.0050  3.932126e+05
1.5250  0.0050  4.157102e+05
1.5350  0.0050  4.379825e+05
1.5450  0.0050  4.600407e+05
1.5550  0.0050  4.818953e+05
1.5650  0.0050  5.035502e+05
1.5750  0.0050  5.053041e+05
1.5850  0.0050  4.560949e+05
1.5950  0.0050  4.074530e+05
1.6050  0.0050  3.593534e+05
1.6150  0.0050  3.117724e+05
1.6250  0.0050  2.646875e+05
1.6350  0.0050  2.441876e+05
1.6450  0.0050  2.614559e+05
1.6550  0.0050  2.785908e+05
1.6650  0.0050  2.955982e+05
1.6750  0.0050  3.124836e+05
1.6850  0.0050  3.292483e+05
1.6950  0.0050  3.211577e+05
1.7050  0.0050  2.921634e+05
1.7150  0.0050  2.634201e+05
1.7250  0.0050  2.349178e+05
1.7350  0.0050  2.066470e+05
1.7450  0.0050  1.785987e+05
1.7550  0.0050  1.668736e+05
1.7650  0.0050  1.631049e+05
1.7750  0.0050  1.593730e+05
1.7850  0.0050  1.556763e+05
1.7950  0.0050  1.520137e+05
1.8050  0.0050  1.483839e+05
1.8150  0.0050  1.435254e+05
1.8250  0.0050  1.383994e+05
1.8350  0.0050  1.333103e+05
1.8450  0.0050  1.419326e+05
1.8550  0.0050  1.362669e+05
1.8650  0.0050  1.306503e+05
1.8750  0.0050  1.250814e+05
1.8850  0.0050  1.195585e+05
1.8950  0.0050  1.140801e+05
1.9050  0.0050  1.086447e+05
1.9150  0.0050  1.032510e+05
1.9250  0.0050  9.843794e+04
1.9350  0.0050  1.014622e+05
1.9450  0.0050  1.044748e+05
1.9550  0.0050  1.074728e+05
1.9650  0.0050  1.104578e+05
1.9750  0.0050  1.134301e+05
1.9850  0.0050  1.160687e+05
1.9950  0.0050  1.173791e+05
2.0050  0.0050  1.186592e+05
2.0150  0.0050  1.199094e+05
2.0250  0.0050  1.211577e+05
2.0350  0.0050  1.224043e+05
2.0450  0.0050  1.210124e+05
2.0550  0.0050  1.142188e+05
2.0650  0.0050  1.074702e+05
2.0750  0.0050  1.007653e+05
2.0850  0.0050  9.410270e+04
2.0950  0.0050  8.748101e+04
2.1050  0.0050  8.017246e+04
2.1150  0.0050  7.204844e+04
2.1250  0.0050  6.396834e+04
2.1350  0.0050  5.593537e+04
2.1450  0.0050  4.794361e+04
2.1550  0.0050  3.999329e+04
2.1650  0.0050  4.312923e+04
2.1750  0.0050  5.394008e+04
2.1850  0.0050  6.470215e+04
2.1950  0.0050  7.541688e+04
2.2050  0.0050  8.608571e+04
2.2150  0.0050  9.670997e+04
2.2250  0.0050  9.507917e+04
2.2350  0.0050  8.872327e+04
2.2450  0.0050  8.239706e+04
2.2550  0.0050  7.609972e+04
2.2650  0.0050  6.983046e+04
2.2750  0.0050  6.358845e+04
2.2850  0.0050  6.126179e+04
2.2950  0.0050  5.962406e+04
2.3050  0.0050  5.799428e+04
2.3150  0.0050  5.637224e+04
2.3250  0.0050  5.475772e+04
2.3350  0.0050  5.315054e+04
2.3450  0.0050  6.338600e+04
2.3550  0.0050  7.379902e+04
2.3650  0.0050  8.417797e+04
2.3750  0.0050  9.452153e+04
2.3850  0.0050  1.048374e+05
2.3950  0.0050  1.147806e+05
2.4050  0.0050  1.220509e+05
2.4150  0.0050  1.293010e+05
2.4250  0.0050  1.365313e+05
2.4350  0.0050  1.437423e+05
2.4450  0.0050  1.509346e+05
2.4550  0.0050  1.573848e+05
2.4650  0.0050  1.615874e+05
2.4750  0.0050  1.657812e+05
2.4850  0.0050  1.699664e+05
2.4950  0.0050  1.741432e+05
2.5050  0.0050  1.783119e+05
2.5150  0.0050  1.780626e+05
2.5250  0.0050  1.705001e+05
2.5350  0.0050  1.629607e+05
2.5450  0.0050  1.554438e+05
2.5550  0.0050  1.479488e+05
2.5650  0.0050  1.404754e+05
2.5750  0.0050  1.300711e+05
2.5850  0.0050  1.168261e+05
2.5950  0.0050  1.036149e+05
2.6050  0.0050  9.043665e+04
2.6150  0.0050  7.729068e+04
2.6250  0.0050  6.417465e+04
2.6350  0.0050  5.754864e+04
2.6450  0.0050  5.459653e+04
2.6550  0.0050  5.165174e+04
2.6650  0.0050  4.871410e+04
2.6750  0.0050  4.578343e+04
2.6850  0.0050  4.285960e+04
2.6950  0.0050  3.994244e+04
2.7050  0.0050  3.703181e+04
2.7150  0.0050  3.412754e+04
2.7250  0.0050  3.122952e+04
2.7350  0.0050  2.833759e+04
2.7450  0.0050  2.545161e+04
2.7550  0.0050  2.128598e+04
2.7650  0.0050  1.698606e+04
2.7750  0.0050  1.269433e+04
2.7850  0.0050  8.410603e+03
2.7950  0.0050  4.134707e+03
2.8050  0.0050  4.450964e+01
2.8150  0.0050  1.464758e+03
2.8250  0.0050  2.882562e+03
2.8350  0.0050  4.297976e+03
2.8450  0.0050  5.711051e+03
2.8550  0.0050  7.121837e+03
2.8650  0.0050  8.530384e+03
2.8750  0.0050  9.936503e+03
2.8850  0.0050  1.134095e+04
2.8950  0.0050  1.274306e+04
2.9050  0.0050  1.414312e+04
2.9150  0.0050  1.554116e+04
2.9250  0.0050  1.569752e+04
2.9350  0.0050  1.287244e+04
2.9450  0.0050  1.005163e+04
2.9550  0.0050  7.235020e+03
2.9650  0.0050  4.422519e+03
2.9750  0.0050  1.614043e+03
2.9850  0.0050  1.190489e+03
2.9950  0.0050  3.991158e+03
3.0050  0.0050  6.787994e+03
3.0150  0.0050  9.581015e+03
3.0250  0.0050  1.237033e+04
3.0350  0.0050  1.515600e+04
3.0450  0.0050  1.638636e+04
3.0550  0.0050  1.637574e+04
3.0650  0.0050  1.636525e+04
3.0750  0.0050  1.635491e+04
3.0850  0.0050  1.634470e+04
3.0950  0.0050  1.633462e+04
3.1050  0.0050  1.441406e+04
3.1150  0.0050  1.162550e+04
3.1250  0.0050  8.840148e+03
3.1350  0.0050  6.058563e+03
3.1450  0.0050  3.280048e+03
3.1550  0.0050  5.047518e+02
3.1650  0.0050  2.267388e+03
3.1750  0.0050  5.036433e+03
3.1850  0.0050  7.802442e+03
3.1950  0.0050  1.056547e+04
3.2050  0.0050  1.332558e+04
3.2150  0.0050  1.608283e+04
3.2250  0.0050  1.490382e+04
3.2350  0.0050  1.351537e+04
3.2450  0.0050  1.212844e+04
3.2550  0.0050  1.074299e+04
3.2650  0.0050  9.358995e+03
3.2750  0.0050  8.197547e+03
3.2850  0.0050  9.570817e+03
3.2950  0.0050  1.094281e+04
3.3050  0.0050  1.231354e+04
3.3150  0.0050  1.368304e+04
3.3250  0.0050  1.505133e+04
3.3350  0.0050  1.583763e+04
3.3450  0.0050  1.445703e+04
3.3550  0.0050  1.307774e+04
3.3650  0.0050  1.169975e+04
3.3750  0.0050  1.032280e+04
3.3850  0.0050  8.947583e+03
3.3950  0.0050  8.042665e+03
3.4050  0.0050  8.039253e+03
3.4150  0.0050  8.035882e+03
3.4250  0.0050  8.032549e+03
3.4350  0.0050  8.029257e+03
3.4450  0.0050  8.026002e+03
3.4550  0.0050  8.022788e+03
3.4650  0.0050  8.019609e+03
3.4750  0.0050  8.016467e+03
3.4850  0.0050  8.013361e+03
3.4950  0.0050  8.010291e+03
3.5050  0.0050  8.007258e+03
3.5150  0.0050  8.004257e+03
3.5250  0.0050  8.001293e+03
3.5350  0.0050  7.998362e+03
3.5450  0.0050  7.995463e+03
3.5550  0.0050  7.992598e+03
3.5650  0.0050  7.989763e+03
3.5750  0.0050  6.985596e+03
3.5850  0.0050  5.622746e+03
3.5950  0.0050  4.260856e+03
3.6050  0.0050  2.899910e+03
3.6150  0.0050  1.539894e+03
3.6250  0.0050  1.807868e+02
3.6350  0.0050  0.000000e+00
3.6450  0.0050  0.000000e+00
3.6550  0.0050  0.000000e+00
3.6650  0.0050  0.000000e+00
3.6750  0.0050  0.000000e+00
3.6850  0.0050  0.000000e+00
3.6950  0.0050  0.000000e+00
3.7050  0.0050  0.000000e+00
3.7150  0.0050  0.000000e+00
3.7250  0.0050  0.000000e+00
3.7350  0.0050  0.000000e+00
3.7450  0.0050  0.000000e+00
3.7550  0.0050  0.000000e+00
3.7650  0.0050  0.000000e+00
3.7750  0.0050  0.000000e+00
3.7850  0.0050  0.000000e+00
3.7950  0.0050  0.000000e+00
3.8050  0.0050  0.000000e+00
3.8150  0.0050  0.000000e+00
3.8250  0.0050  0.000000e+00
3.8350  0.0050  0.000000e+00
3.8450  0.0050  0.000000e+00
3.8550  0.0050  0.000000e+00
3.8650  0.0050  0.000000e+00
3.8750  0.0050  0.000000e+00
3.8850  0.0050  0.000000e+00
3.8950  0.0050  0.000000e+00
3.9050  0.0050  0.000000e+00
3.9150  0.0050  0.000000e+00
3.9250  0.0050  0.000000e+00
3.9350  0.0050  0.000000e+00
3.9450  0.0050  0.000000e+00
3.9550  0.0050  0.000000e+00
3.9650  0.0050  0.000000e+00
3.9750  0.0050  0.000000e+00
3.9850  0.0050  0.000000e+00
3.9950  0.0050  0.000000e+00
4.0050  0.0050  0.000000e+00
4.0150  0.0050  0.000000e+00
4.0250  0.0050  0.000000e+00
4.0350  0.0050  0.000000e+00
4.0450  0.0050  0.000000e+00
4.0550  0.0050  0.000000e+00
4.0650  0.0050  0.000000e+00
4.0750  0.0050  0.000000e+00
4.0850  0.0050  0.000000e+00
4.0950  0.0050  0.000000e+00
4.1050  0.0050  1.228758e+03
4.1150  0.0050  2.570014e+03
4.1250  0.0050  3.910485e+03
4.1350  0.0050  5.250797e+03
4.1450  0.0050  6.590083e+03
4.1550  0.0050  7.866529e+03
4.1650  0.0050  7.864623e+03
4.1750  0.0050  7.863482e+03
4.1850  0.0050  7.861606e+03
4.1950  0.0050  7.860494e+03
4.2050  0.0050  7.858646e+03
4.2150  0.0050  7.619136e+03
4.2250  0.0050  6.278831e+03
4.2350  0.0050  4.939625e+03
4.2450  0.0050  3.600442e+03
4.2550  0.0050  2.261982e+03
4.2650  0.0050  9.240465e+02
4.2750  0.0050  0.000000e+00
4.2850  0.0050  0.000000e+00
4.2950  0.0050  0.000000e+00
4.3050  0.0050  0.000000e+00
4.3150  0.0050  0.000000e+00
4.3250  0.0050  0.000000e+00
4.3350  0.0050  0.000000e+00
4.3450  0.0050  0.000000e+00
4.3550  0.0050  0.000000e+00
4.3650  0.0050  0.000000e+00
4.3750  0.0050  0.000000e+00
4.3850  0.0050  0.000000e+00
4.3950  0.0050  7.626784e+02
4.4050  0.0050  2.097138e+03
4.4150  0.0050  3.430986e+03
4.4250  0.0050  4.764754e+03
4.4350  0.0050  6.097667e+03
4.4450  0.0050  7.430766e+03
4.4550  0.0050  6.889130e+03
4.4650  0.0050  5.555107e+03
4.4750  0.0050  4.220956e+03
4.4850  0.0050  2.887603e+03
4.4950  0.0050  1.554364e+03
4.5050  0.0050  2.216477e+02
4.5150  0.0050  0.000000e+00
4.5250  0.0050  0.000000e+00
4.5350  0.0050  0.000000e+00
4.5450  0.0050  0.000000e+00
4.5550  0.0050  0.000000e+00
4.5650  0.0050  0.000000e+00
4.5750  0.0050  0.000000e+00
4.5850  0.0050  0.000000e+00
4.5950  0.0050  0.000000e+00
4.6050  0.0050  0.000000e+00
4.6150  0.0050  0.000000e+00
4.6250  0.0050  1.275660e+02
4.6350  0.0050  1.457781e+03
4.6450  0.0050  2.787518e+03
4.6550  0.0050  4.117189e+03
4.6650  0.0050  5.446139e+03
4.6750  0.0050  6.775282e+03
4.6850  0.0050  7.801694e+03
4.6950  0.0050  7.801116e+03
4.7050  0.0050  7.799803e+03
4.7150  0.0050  7.799241e+03
4.7250  0.0050  7.797944e+03
4.7350  0.0050  7.797397e+03
4.7450  0.0050  7.320394e+03
4.7550  0.0050  5.991319e+03
4.7650  0.0050  4.662779e+03
4.7750  0.0050  3.334102e+03
4.7850  0.0050  2.006047e+03
4.7950  0.0050  6.781019e+02
4.8050  0.0050  0.000000e+00
4.8150  0.0050  0.000000e+00
4.8250  0.0050  0.000000e+00
4.8350  0.0050  0.000000e+00
4.8450  0.0050  0.000000e+00
4.8550  0.0050  0.000000e+00
4.8650  0.0050  0.000000e+00
4.8750  0.0050  0.000000e+00
4.8850  0.0050  0.000000e+00
4.8950  0.0050  0.000000e+00
4.9050  0.0050  0.000000e+00
4.9150  0.0050  0.000000e+00
4.9250  0.0050  0.000000e+00
4.9350  0.0050  0.000000e+00
4.9450  0.0050  0.000000e+00
4.9550  0.0050  0.000000e+00
4.9650  0.0050  0.000000e+00
4.9750  0.0050  0.000000e+00
4.9850  0.0050  0.000000e+00
4.9950  0.0050  0.000000e+00
5.0050  0.0050  0.000000e+00
5.0150  0.0050  0.000000e+00
5.0250  0.0050  0.000000e+00
5.0350  0.0050  0.000000e+00
5.0450  0.0050  0.000000e+00
5.0550  0.0050  0.000000e+00
5.0650  0.0050  0.000000e+00
5.0750  0.0050  0.000000e+00
5.0850  0.0050  0.000000e+00
5.0950  0.0050  0.000000e+00
5.1050  0.0050  0.000000e+00
5.1150  0.0050  0.000000e+00
5.1250  0.0050  0.000000e+00
5.1350  0.0050  0.000000e+00
5.1450  0.0050  0.000000e+00
5.1550  0.0050  0.000000e+00
5.1650  0.0050  0.000000e+00
5.1750  0.0050  0.000000e+00
5.1850  0.0050  0.000000e+00
5.1950  0.0050  0.000000e+00
5.2050  0.0050  0.000000e+00
5.2150  0.0050  0.000000e+00
5.2250  0.0050  0.000000e+00
5.2350  0.0050  0.000000e+00
5.2450  0.0050  0.000000e+00
5.2550  0.0050  0.000000e+00
5.2650  0.0050  0.000000e+00
5.2750  0.0050  0.000000e+00
5.2850  0.0050  0.000000e+00
5.2950  0.0050  0.000000e+00
5.3050  0.0050  0.000000e+00
5.3150  0.0050  0.000000e+00
5.3250  0.0050  0.000000e+00
5.3350  0.0050  0.000000e+00
5.3450  0.0050  0.000000e+00
5.3550  0.0050  0.000000e+00
5.3650  0.0050  0.000000e+00
5.3750  0.0050  0.000000e+00
5.3850  0.0050  0.000000e+00
5.3950  0.0050  0.000000e+00
5.4050  0.0050  0.000000e+00
5.4150  0.0050  0.000000e+00
5.4250  0.0050  0.000000e+00
5.4350  0.0050  0.000000e+00
5.4450  0.0050  0.000000e+00
5.4550  0.0050  1.229604e+03
5.4650  0.0050  2.549570e+03
5.4750  0.0050  3.869119e+03
5.4850  0.0050  5.188862e+03
5.4950  0.0050  6.507940e+03
5.5050  0.0050  7.661825e+03
5.5150  0.0050  6.342137e+03
5.5250  0.0050  5.022018e+03
5.5350  0.0050  3.702549e+03
5.5450  0.0050  2.382896e+03
5.5550  0.0050  1.063638e+03
5.5650  0.0050  0.000000e+00
5.5750  0.0050  0.000000e+00
5.5850  0.0050  0.000000e+00
5.5950  0.0050  0.000000e+00
5.6050  0.0050  0.000000e+00
5.6150  0.0050  0.000000e+00
5.6250  0.0050  0.000000e+00
5.6350  0.0050  0.000000e+00
5.6450  0.0050  0.000000e+00
5.6550  0.0050  0.000000e+00
5.6650  0.0050  0.000000e+00
5.6750  0.0050  0.000000e+00
5.6850  0.0050  0.000000e+00
5.6950  0.0050  0.000000e+00
5.7050  0.0050  0.000000e+00
5.7150  0.0050  0.000000e+00
5.7250  0.0050  0.000000e+00
5.7350  0.0050  0.000000e+00
5.7450  0.0050  0.000000e+00
5.7550  0.0050  0.000000e+00
5.7650  0.0050  0.000000e+00
5.7750  0.0050  0.000000e+00
5.7850  0.0050  0.000000e+00
5.7950  0.0050  0.000000e+00
5.8050  0.0050  0.000000e+00
5.8150  0.0050  0.000000e+00
5.8250  0.0050  0.000000e+00
5.8350  0.0050  0.000000e+00
5.8450  0.0050  0.000000e+00
5.8550  0.0050  0.000000e+00
5.8650  0.0050  0.000000e+00
5.8750  0.0050  0.000000e+00
5.8850  0.0050  0.000000e+00
5.8950  0.0050  0.000000e+00
5.9050  0.0050  0.000000e+00
5.9150  0.0050  0.000000e+00
5.9250  0.0050  0.000000e+00
5.9350  0.0050  0.000000e+00
5.9450  0.0050  0.000000e+00
5.9550  0.0050  0.000000e+00
5.9650  0.0050  0.000000e+00
5.9750  0.0050  0.000000e+00
5.9850  0.0050  0.000000e+00
5.9950  0.0050  0.000000e+00
6.0050  0.0050  0.000000e+00
6.0150  0.0050  0.000000e+00
6.0250  0.0050  0.000000e+00
6.0350  0.0050  0.000000e+00
6.0450  0.0050  0.000000e+00
6.0550  0.0050  0.000000e+00
6.0650  0.0050  0.000000e+00
6.0750  0.0050  0.000000e+00
6.0850  0.0050  0.000000e+00
6.0950  0.0050  0.000000e+00
6.1050  0.0050  0.000000e+00
6.1150  0.0050  0.000000e+00
6.1250  0.0050  0.000000e+00
6.1350  0.0050  0.000000e+00
6.1450  0.0050  0.000000e+00
6.1550  0.0050  0.000000e+00
6.1650  0.0050  0.000000e+00
6.1750  0.0050  0.000000e+00
6.1850  0.0050  0.000000e+00
6.1950  0.0050  0.000000e+00
6.2050  0.0050  0.000000e+00
6.2150  0.0050  0.000000e+00
6.2250  0.0050  0.000000e+00
6.2350  0.0050  0.000000e+00
6.2450  0.0050  0.000000e+00
6.2550  0.0050  0.000000e+00
6.2650  0.0050  0.000000e+00
6.2750  0.0050  0.000000e+00
6.2850  0.0050  0.000000e+00
6.2950  0.0050  0.000000e+00
6.3050  0.0050  0.000000e+00
6.3150  0.0050  0.000000e+00
6.3250  0.0050  0.000000e+00
6.3350  0.0050  0.000000e+00
6.3450  0.0050  0.000000e+00
6.3550  0.0050  0.000000e+00
6.3650  0.0050  0.000000e+00
6.3750  0.0050  0.000000e+00
6.3850  0.0050  0.000000e+00
6.3950  0.0050  0.000000e+00
6.4050  0.0050  0.000000e+00
6.4150  0.0050  0.000000e+00
6.4250  0.0050  0.000000e+00
6.4350  0.0050  0.000000e+00
6.4450  0.0050  0.000000e+00
6.4550  0.0050  0.000000e+00
6.4650  0.0050  0.000000e+00
6.4750  0.0050  0.000000e+00
6.4850  0.0050  0.000000e+00
6.4950  0.0050  0.000000e+00
6.5050  0.0050  0.000000e+00
6.5150  0.0050  0.000000e+00
6.5250  0.0050  0.000000e+00
6.5350  0.0050  0.000000e+00
6.5450  0.0050  0.000000e+00
6.5550  0.0050  0.000000e+00
6.5650  0.0050  0.000000e+00
6.5750  0.0050  0.000000e+00
6.5850  0.0050  0.000000e+00
6.5950  0.0050  0.000000e+00
6.6050  0.0050  0.000000e+00
6.6150  0.0050  0.000000e+00
6.6250  0.0050  0.000000e+00
6.6350  0.0050  0.000000e+00
6.6450  0.0050  0.000000e+00
6.6550  0.0050  0.000000e+00
6.6650  0.0050  0.000000e+00
6.6750  0.0050  0.000000e+00
6.6850  0.0050  0.000000e+00
6.6950  0.0050  0.000000e+00
6.7050  0.0050  0.000000e+00
6.7150  0.0050  0.000000e+00
6.7250  0.0050  0.000000e+00
6.7350  0.0050  0.000000e+00
6.7450  0.0050  0.000000e+00
6.7550  0.0050  0.000000e+00
6.7650  0.0050  0.000000e+00
6.7750  0.0050  0.000000e+00
6.7850  0.0050  0.000000e+00
6.7950  0.0050  0.000000e+00
6.8050  0.0050  0.000000e+00
6.8150  0.0050  0.000000e+00
6.8250  0.0050  0.000000e+00
6.8350  0.0050  0.000000e+00
6.8450  0.0050  0.000000e+00
6.8550  0.0050  0.000000e+00
6.8650  0.0050  0.000000e+00
6.8750  0.0050  0.000000e+00
6.8850  0.0050  0.000000e+00
6.8950  0.0050  0.000000e+00
6.9050  0.0050  0.000000e+00
6.9150  0.0050  0.000000e+00
6.9250  0.0050  0.000000e+00
6.9350  0.0050  0.000000e+00
6.9450  0.0050  0.000000e+00
6.9550  0.0050  0.000000e+00
6.9650  0.0050  0.000000e+00
6.9750  0.0050  0.000000e+00
6.9850  0.0050  0.000000e+00
6.9950  0.0050  0.000000e+00
7.0050  0.0050  0.000000e+00
7.0150  0.0050  0.000000e+00
7.0250  0.0050  0.000000e+00
7.0350  0.0050  0.000000e+00
7.0450  0.0050  0.000000e+00
7.0550  0.0050  0.000000e+00
7.0650  0.0050  0.000000e+00
7.0750  0.0050  0.000000e+00
7.0850  0.0050  0.000000e+00
7.0950  0.0050  0.000000e+00
7.1050  0.0050  0.000000e+00
7.1150  0.0050  0.000000e+00
7.1250  0.0050  0.000000e+00
7.1350  0.0050  0.000000e+00
7.1450  0.0050  0.000000e+00
7.1550  0.0050  0.000000e+00
7.1650  0.0050  0.000000e+00
7.1750  0.0050  0.000000e+00
7.1850  0.0050  0.000000e+00
7.1950  0.0050  0.000000e+00
7.2050  0.0050  0.000000e+00
7.2150  0.0050  0.000000e+00
7.2250  0.0050  0.000000e+00
7.2350  0.0050  0.000000e+00
7.2450  0.0050  0.000000e+00
7.2550  0.0050  0.000000e+00
7.2650  0.0050  0.000000e+00
7.2750  0.0050  0.000000e+00
7.2850  0.0050  0.000000e+00
7.2950  0.0050  0.000000e+00
7.3050  0.0050  0.000000e+00
7.3150  0.0050  0.000000e+00
7.3250  0.0050  0.000000e+00
7.3350  0.0050  0.000000e+00
7.3450  0.0050  0.000000e+00
7.3550  0.0050  0.000000e+00
7.3650  0.0050  0.000000e+00
7.3750  0.0050  0.000000e+00
7.3850  0.0050  0.000000e+00
7.3950  0.0050  0.000000e+00
7.4050  0.0050  0.000000e+00
7.4150  0.0050  0.000000e+00
7.4250  0.0050  0.000000e+00
7.4350  0.0050  0.000000e+00
7.4450  0.0050  0.000000e+00
7.4550  0.0050  0.000000e+00
7.4650  0.0050  0.000000e+00
7.4750  0.0050  0.000000e+00
7.4850  0.0050  0.000000e+00
7.4950  0.0050  0.000000e+00
7.5050  0.0050  0.000000e+00
7.5150  0.0050  0.000000e+00
7.5250  0.0050  0.000000e+00
7.5350  0.0050  0.000000e+00
7.5450  0.0050  0.000000e+00
7.5550  0.0050  0.000000e+00
7.5650  0.0050  0.000000e+00
7.5750  0.0050  0.000000e+00
7.5850  0.0050  0.000000e+00
7.5950  0.0050  0.000000e+00
7.6050  0.0050  0.000000e+00
7.6150  0.0050  0.000000e+00
7.6250  0.0050  0.000000e+00
7.6350  0.0050  0.000000e+00
7.6450  0.0050  0.000000e+00
7.6550  0.0050  0.000000e+00
7.6650  0.0050  0.000000e+00
7.6750  0.0050  0.000000e+00
7.6850  0.0050  0.000000e+00
7.6950  0.0050  0.000000e+00
7.7050  0.0050  0.000000e+00
7.7150  0.0050  0.000000e+00
7.7250  0.0050  0.000000e+00
7.7350  0.0050  0.000000e+00
7.7450  0.0050  0.000000e+00
7.7550  0.0050  0.000000e+00
7.7650  0.0050  0.000000e+00
7.7750  0.0050  0.000000e+00
7.7850  0.0050  0.000000e+00
7.7950  0.0050  0.000000e+00
7.8050  0.0050  0.000000e+00
7.8150  0.0050  0.000000e+00
7.8250  0.0050  0.000000e+00
7.8350  0.0050  0.000000e+00
7.8450  0.0050  0.000000e+00
7.8550  0.0050  0.000000e+00
7.8650  0.0050  0.000000e+00
7.8750  0.0050  0.000000e+00
7.8850  0.0050  0.000000e+00
7.8950  0.0050  0.000000e+00
7.9050  0.0050  0.000000e+00
7.9150  0.0050  0.000000e+00
7.9250  0.0050  0.000000e+00
7.9350  0.0050  0.000000e+00
7.9450  0.0050  0.000000e+00
7.9550  0.0050  0.000000e+00
7.9650  0.0050  0.000000e+00
7.9750  0.0050  0.000000e+00
7.9850  0.0050  0.000000e+00
7.9950  0.0050  0.000000e+00
8.0050  0.0050  0.000000e+00
8.0150  0.0050  0.000000e+00
8.0250  0.0050  0.000000e+00
8.0350  0.0050  0.000000e+00
8.0450  0.0050  0.000000e+00
8.0550  0.0050  0.000000e+00
8.0650  0.0050  0.000000e+00
8.0750  0.0050  0.000000e+00
8.0850  0.0050  0.000000e+00
8.0950  0.0050  0.000000e+00
8.1050  0.0050  0.000000e+00
8.1150  0.0050  0.000000e+00
8.1250  0.0050  0.000000e+00
8.1350  0.0050  0.000000e+00
8.1450  0.0050  0.000000e+00
8.1550  0.0050  0.000000e+00
8.1650  0.0050  0.000000e+00
8.1750  0.0050  0.000000e+00
8.1850  0.0050  0.000000e+00
8.1950  0.0050  0.000000e+00
8.2050  0.0050  0.000000e+00
8.2150  0.0050  0.000000e+00
8.2250  0.0050  0.000000e+00
8.2350  0.0050  0.000000e+00
8.2450  0.0050  0.000000e+00
8.2550  0.0050  0.000000e+00
8.2650  0.0050  0.000000e+00
8.2750  0.0050  0.000000e+00
8.2850  0.0050  0.000000e+00
8.2950  0.0050  0.000000e+00
8.3050  0.0050  0.000000e+00
8.3150  0.0050  0.000000e+00
8.3250  0.0050  0.000000e+00
8.3350  0.0050  0.000000e+00
8.3450  0.0050  0.000000e+00
8.3550  0.0050  0.000000e+00
8.3650  0.0050  0.000000e+00
8.3750  0.0050  0.000000e+00
8.3850  0.0050  0.000000e+00
8.3950  0.0050  0.000000e+00
8.4050  0.0050  0.000000e+00
8.4150  0.0050  0.000000e+00
8.4250  0.0050  0.000000e+00
8.4350  0.0050  0.000000e+00
8.4450  0.0050  0.000000e+00
8.4550  0.0050  0.000000e+00
8.4650  0.0050  0.000000e+00
8.4750  0.0050  0.000000e+00
8.4850  0.0050  0.000000e+00
8.4950  0.0050  0.000000e+00
8.5050  0.0050  0.000000e+00
8.5150  0.0050  0.000000e+00
8.5250  0.0050  0.000000e+00
8.5350  0.0050  0.000000e+00
8.5450  0.0050  0.000000e+00
8.5550  0.0050  0.000000e+00
8.5650  0.0050  0.000000e+00
8.5750  0.0050  0.000000e+00
8.5850  0.0050  0.000000e+00
8.5950  0.0050  0.000000e+00
8.6050  0.0050  0.000000e+00
8.6150  0.0050  0.000000e+00
8.6250  0.0050  0.000000e+00
8.6350  0.0050  0.000000e+00
8.6450  0.0050  0.000000e+00
8.6550  0.0050  0.000000e+00
8.6650  0.0050  0.000000e+00
8.6750  0.0050  0.000000e+00
8.6850  0.0050  0.000000e+00
8.6950  0.0050  0.000000e+00
8.7050  0.0050  0.000000e+00
8.7150  0.0050  0.000000e+00
8.7250  0.0050  0.000000e+00
8.7350  0.0050  0.000000e+00
8.7450  0.0050  0.000000e+00
8.7550  0.0050  0.000000e+00
8.7650  0.0050  0.000000e+00
8.7750  0.0050  0.000000e+00
8.7850  0.0050  0.000000e+00
8.7950  0.0050  0.000000e+00
8.8050  0.0050  0.000000e+00
8.8150  0.0050  0.000000e+00
8.8250  0.0050  0.000000e+00
8.8350  0.0050  0.000000e+00
8.8450  0.0050  0.000000e+00
8.8550  0.0050  0.000000e+00
8.8650  0.0050  0.000000e+00
8.8750  0.0050  0.000000e+00
8.8850  0.0050  0.000000e+00
8.8950  0.0050  0.000000e+00
8.9050  0.0050  0.000000e+00
8.9150  0.0050  0.000000e+00
8.9250  0.0050  0.000000e+00
8.9350  0.0050  0.000000e+00
8.9450  0.0050  0.000000e+00
8.9550  0.0050  0.000000e+00
8.9650  0.0050  0.000000e+00
8.9750  0.0050  0.000000e+00
8.9850  0.0050  0.000000e+00
8.9950  0.0050  0.000000e+00
9.0050  0.0050  0.000000e+00
9.0150  0.0050  0.000000e+00
9.0250  0.0050  0.000000e+00
9.0350  0.0050  0.000000e+00
9.0450  0.0050  0.000000e+00
9.0550  0.0050  0.000000e+00
9.0650  0.0050  0.000000e+00
9.0750  0.0050  0.000000e+00
9.0850  0.0050  0.000000e+00
9.0950  0.0050  0.000000e+00
9.1050  0.0050  0.000000e+00
9.1150  0.0050  0.000000e+00
9.1250  0.0050  0.000000e+00
9.1350  0.0050  0.000000e+00
9.1450  0.0050  0.000000e+00
9.1550  0.0050  0.000000e+00
9.1650  0.0050  0.000000e+00
9.1750  0.0050  0.000000e+00
9.1850  0.0050  0.000000e+00
9.1950  0.0050  0.000000e+00
9.2050  0.0050  0.000000e+00
9.2150  0.0050  0.000000e+00
9.2250  0.0050  0.000000e+00
9.2350  0.0050  0.000000e+00
9.2450  0.0050  0.000000e+00
9.2550  0.0050  0.000000e+00
9.2650  0.0050  0.000000e+00
9.2750  0.0050  0.000000e+00
9.2850  0.0050  0.000000e+00
9.2950  0.0050  0.000000e+00
9.3050  0.0050  0.000000e+00
9.3150  0.0050  0.000000e+00
9.3250  0.0050  0.000000e+00
9.3350  0.0050  0.000000e+00
9.3450  0.0050  0.000000e+00
9.3550  0.0050  0.000000e+00
9.3650  0.0050  0.000000e+00
9.3750  0.0050  0.000000e+00
9.3850  0.0050  0.000000e+00
9.3950  0.0050  0.000000e+00
9.4050  0.0050  0.000000e+00
9.4150  0.0050  0.000000e+00
9.4250  0.0050  0.000000e+00
9.4350  0.0050  0.000000e+00
9.4450  0.0050  0.000000e+00
9.4550  0.0050  0.000000e+00
9.4650  0.0050  0.000000e+00
9.4750  0.0050  0.000000e+00
9.4850  0.0050  0.000000e+00
9.4950  0.0050  0.000000e+00
9.5050  0.0050  0.000000e+00
9.5150  0.0050  0.000000e+00
9.5250  0.0050  0.000000e+00
9.5350  0.0050  0.000000e+00
9.5450  0.0050  0.000000e+00
9.5550  0.0050  0.000000e+00
9.5650  0.0050  0.000000e+00
9.5750  0.0050  0.000000e+00
9.5850  0.0050  0.000000e+00
9.5950  0.0050  0.000000e+00
9.6050  0.0050  0.000000e+00
9.6150  0.0050  0.000000e+00
9.6250  0.0050  0.000000e+00
9.6350  0.0050  0.000000e+00
9.6450  0.0050  0.000000e+00
9.6550  0.0050  0.000000e+00
9.6650  0.0050  0.000000e+00
9.6750  0.0050  0.000000e+00
9.6850  0.0050  0.000000e+00
9.6950  0.0050  0.000000e+00
9.7050  0.0050  0.000000e+00
9.7150  0.0050  0.000000e+00
9.7250  0.0050  0.000000e+00
9.7350  0.0050  0.000000e+00
9.7450  0.0050  0.000000e+00
9.7550  0.0050  0.000000e+00
9.7650  0.0050  0.000000e+00
9.7750  0.0050  0.000000e+00
9.7850  0.0050  0.000000e+00
9.7950  0.0050  0.000000e+00
9.8050  0.0050  0.000000e+00
9.8150  0.0050  0.000000e+00
9.8250  0.0050  0.000000e+00
9.8350  0.0050  0.000000e+00
9.8450  0.0050  0.000000e+00
9.8550  0.0050  0.000000e+00
9.8650  0.0050  0.000000e+00
9.8750  0.0050  0.000000e+00
9.8850  0.0050  0.000000e+00
9.8950  0.0050  0.000000e+00
9.9050  0.0050  0.000000e+00
9.9150  0.0050  0.000000e+00
9.9250  0.0050  0.000000e+00
9.9350  0.0050  0.000000e+00
9.9450  0.0050  0.000000e+00
9.9550  0.0050  0.000000e+00
9.9650  0.0050  0.000000e+00
9.9750  0.0050  0.000000e+00
9.9850  0.0050  0.000000e+00
9.9950  0.0050  0.000000e+00
10.0050  0.0050  0.000000e+00
10.0150  0.0050  0.000000e+00
10.0250  0.0050  0.000000e+00
10.0350  0.0050  0.000000e+00
10.0450  0.0050  0.000000e+00
10.0550  0.0050  0.000000e+00
10.0650  0.0050  0.000000e+00
10.0750  0.0050  0.000000e+00
10.0850  0.0050  0.000000e+00
10.0950  0.0050  0.000000e+00
10.1050  0.0050  0.000000e+00
10.1150  0.0050  0.000000e+00
10.1250  0.0050  0.000000e+00
10.1350  0.0050  0.000000e+00
10.1450  0.0050  0.000000e+00
10.1550  0.0050  0.000000e+00
10.1650  0.0050  0.000000e+00
10.1750  0.0050  0.000000e+00
10.1850  0.0050  0.000000e+00
10.1950  0.0050  0.000000e+00
10.2050  0.0050  0.000000e+00
10.2150  0.0050  0.000000e+00
10.2250  0.0050  0.000000e+00
10.2350  0.0050  0.000000e+00
10.2450  0.0050  0.000000e+00
10.2550  0.0050  0.000000e+00
10.2650  0.0050  0.000000e+00
10.2750  0.0050  0.000000e+00
10.2850  0.0050  0.000000e+00
10.2950  0.0050  0.000000e+00
10.3050  0.0050  0.000000e+00
10.3150  0.0050  0.000000e+00
10.3250  0.0050  0.000000e+00
10.3350  0.0050  0.000000e+00
10.3450  0.0050  0.000000e+00
10.3550  0.0050  0.000000e+00
10.3650  0.0050  0.000000e+00
10.3750  0.0050  0.000000e+00
10.3850  0.0050  0.000000e+00
10.3950  0.0050  0.000000e+00
10.4050  0.0050  0.000000e+00
10.4150  0.0050  0.000000e+00
10.4250  0.0050  0.000000e+00
10.4350  0.0050  0.000000e+00
10.4450  0.0050  0.000000e+00
10.4550  0.0050  0.000000e+00
10.4650  0.0050  0.000000e+00
10.4750  0.0050  0.000000e+00
10.4850  0.0050  0.000000e+00
10.4950  0.0050  0.000000e+00
10.5050  0.0050  0.000000e+00
10.5150  0.0050  0.000000e+00
10.5250  0.0050  0.000000e+00
10.5350  0.0050  0.000000e+00
10.5450  0.0050  0.000000e+00
10.5550  0.0050  0.000000e+00
10.5650  0.0050  0.000000e+00
10.5750  0.0050  0.000000e+00
10.5850  0.0050  0.000000e+00
10.5950  0.0050  0.000000e+00
10.6050  0.0050  0.000000e+00
10.6150  0.0050  0.000000e+00
10.6250  0.0050  0.000000e+00
10.6350  0.0050  0.000000e+00
10.6450  0.0050  0.000000e+00
10.6550  0.0050  0.000000e+00
10.6650  0.0050  0.000000e+00
10.6750  0.0050  0.000000e+00
10.6850  0.0050  0.000000e+00
10.6950  0.0050  0.000000e+00
10.7050  0.0050  0.000000e+00
10.7150  0.0050  0.000000e+00
10.7250  0.0050  0.000000e+00
10.7350  0.0050  0.000000e+00
10.7450  0.0050  0.000000e+00
10.7550  0.0050  0.000000e+00
10.7650  0.0050  0.000000e+00
10.7750  0.0050  0.000000e+00
10.7850  0.0050  0.000000e+00
10.7950  0.0050  0.000000e+00
10.8050  0.0050  0.000000e+00
10.8150  0.0050  0.000000e+00
10.8250  0.0050  0.000000e+00
10.8350  0.0050  0.000000e+00
10.8450  0.0050  0.000000e+00
10.8550  0.0050  0.000000e+00
10.8650  0.0050  0.000000e+00
10.8750  0.0050  0.000000e+00
10.8850  0.0050  0.000000e+00
10.8950  0.0050  0.000000e+00
10.9050  0.0050  0.000000e+00
10.9150  0.0050  0.000000e+00
10.9250  0.0050  0.000000e+00
10.9350  0.0050  0.000000e+00
10.9450  0.0050  0.000000e+00
10.9550  0.0050  0.000000e+00
10.9650  0.0050  0.000000e+00
10.9750  0.0050  0.000000e+00
10.9850  0.0050  0.000000e+00
10.9950  0.0050  0.000000e+00
11.0050  0.0050  0.000000e+00
11.0150  0.0050  0.000000e+00
11.0250  0.0050  0.000000e+00
11.0350  0.0050  0.000000e+00
11.0450  0.0050  0.000000e+00
11.0550  0.0050  0.000000e+00
11.0650  0.0050  0.000000e+00
11.0750  0.0050  0.000000e+00
11.0850  0.0050  0.000000e+00
11.0950  0.0050  0.000000e+00
11.1050  0.0050  0.000000e+00
11.1150  0.0050  0.000000e+00
11.1250  0.0050  0.000000e+00
11.1350  0.0050  0.000000e+00
11.1450  0.0050  0.000000e+00
11.1550  0.0050  0.000000e+00
11.1650  0.0050  0.000000e+00
11.1750  0.0050  0.000000e+00
11.1850  0.0050  0.000000e+00
11.1950  0.0050  0.000000e+00
11.2050  0.0050  0.000000e+00
11.2150  0.0050  0.000000e+00
11.2250  0.0050  0.000000e+00
11.2350  0.0050  0.000000e+00
11.2450  0.0050  0.000000e+00
11.2550  0.0050  0.000000e+00
11.2650  0.0050  0.000000e+00
11.2750  0.0050  0.000000e+00
11.2850  0.0050  0.000000e+00
11.2950  0.0050  0.000000e+00
11.3050  0.0050  0.000000e+00
11.3150  0.0050  0.000000e+00
11.3250  0.0050  0.000000e+00
11.3350  0.0050  0.000000e+00
11.3450  0.0050  0.000000e+00
11.3550  0.0050  0.000000e+00
11.3650  0.0050  0.000000e+00
11.3750  0.0050  0.000000e+00
11.3850  0.0050  0.000000e+00
11.3950  0.0050  0.000000e+00
11.4050  0.0050  0.000000e+00
11.4150  0.0050  0.000000e+00
11.4250  0.0050  0.000000e+00
11.4350  0.0050  0.000000e+00
11.4450  0.0050  0.000000e+00
11.4550  0.0050  0.000000e+00
11.4650  0.0050  0.000000e+00
11.4750  0.0050  0.000000e+00
11.4850  0.0050  0.000000e+00
11.4950  0.0050  0.000000e+00
11.5050  0.0050  0.000000e+00
11.5150  0.0050  0.000000e+00
11.5250  0.0050  0.000000e+00
11.5350  0.0050  0.000000e+00
11.5450  0.0050  0.000000e+00
11.5550  0.0050  0.000000e+00
11.5650  0.0050  0.000000e+00
11.5750  0.0050  0.000000e+00
11.5850  0.0050  0.000000e+00
11.5950  0.0050  0.000000e+00
11.6050  0.0050  0.000000e+00
11.6150  0.0050  0.000000e+00
11.6250  0.0050  0.000000e+00
11.6350  0.0050  0.000000e+00
11.6450  0.0050  0.000000e+00
11.6550  0.0050  0.000000e+00
11.6650  0.0050  0.000000e+00
11.6750  0.0050  0.000000e+00
11.6850  0.0050  0.000000e+00
11.6950  0.0050  0.000000e+00
11.7050  0.0050  0.000000e+00
11.7150  0.0050  0.000000e+00
11.7250  0.0050  0.000000e+00
11.7350  0.0050  0.000000e+00
11.7450  0.0050  0.000000e+00
11.7550  0.0050  0.000000e+00
11.7650  0.0050  0.000000e+00
11.7750  0.0050  0.000000e+00
11.7850  0.0050  0.000000e+00
11.7950  0.0050  0.000000e+00
11.8050  0.0050  0.000000e+00
11.8150  0.0050  0.000000e+00
11.8250  0.0050  0.000000e+00
11.8350  0.0050  0.000000e+00
11.8450  0.0050  0.000000e+00
11.8550  0.0050  0.000000e+00
11.8650  0.0050  0.000000e+00
11.8750  0.0050  0.000000e+00
11.8850  0.0050  0.000000e+00
11.8950  0.0050  0.000000e+00
11.9050  0.0050  0.000000e+00
11.9150  0.0050  0.000000e+00
11.9250  0.0050  0.000000e+00
11.9350  0.0050  0.000000e+00
11.9450  0.0050  0.000000e+00
11.9550  0.0050  0.000000e+00
11.9650  0.0050  0.000000e+00
11.9750  0.0050  0.000000e+00
11.9850  0.0050  0.000000e+00
11.9950  0.0050  0.000000e+00
12.0050  0.0050  0.000000e+00
12.0150  0.0050  0.000000e+00
12.0250  0.0050  0.000000e+00
12.0350  0.0050  0.000000e+00
12.0450  0.0050  0.000000e+00
12.0550  0.0050  0.000000e+00
12.0650  0.0050  0.000000e+00
12.0750  0.0050  0.000000e+00
12.0850  0.0050  0.000000e+00
12.0950  0.0050  0.000000e+00
12.1050  0.0050  0.000000e+00
12.1150  0.0050  0.000000e+00
12.1250  0.0050  0.000000e+00
12.1350  0.0050  0.000000e+00
12.1450  0.0050  0.000000e+00
12.1550  0.0050  0.000000e+00
12.1650  0.0050  0.000000e+00
12.1750  0.0050  0.000000e+00
12.1850  0.0050  0.000000e+00
12.1950  0.0050  0.000000e+00
12.2050  0.0050  0.000000e+00
12.2150  0.0050  0.000000e+00
12.2250  0.0050  0.000000e+00
12.2350  0.0050  0.000000e+00
12.2450  0.0050  0.000000e+00
12.2550  0.0050  0.000000e+00
12.2650  0.0050  0.000000e+00
12.2750  0.0050  0.000000e+00
12.2850  0.0050  0.000000e+00
12.2950  0.0050  0.000000e+00
12.3050  0.0050  0.000000e+00
12.3150  0.0050  0.000000e+00
12.3250  0.0050  0.000000e+00
12.3350  0.0050  0.000000e+00
12.3450  0.0050  0.000000e+00
12.3550  0.0050  0.000000e+00
12.3650  0.0050  0.000000e+00
12.3750  0.0050  0.000000e+00
12.3850  0.0050  0.000000e+00
12.3950  0.0050  0.000000e+00
12.4050  0.0050  0.000000e+00
12.4150  0.0050  0.000000e+00
12.4250  0.0050  0.000000e+00
12.4350  0.0050  0.000000e+00
12.4450  0.0050  0.000000e+00
12.4550  0.0050  0.000000e+00
12.4650  0.0050  0.000000e+00
12.4750  0.0050  0.000000e+00
12.4850  0.0050  0.000000e+00
12.4950  0.0050  0.000000e+00
12.5050  0.0050  0.000000e+00
12.5150  0.0050  0.000000e+00
12.5250  0.0050  0.000000e+00
12.5350  0.0050  0.000000e+00
12.5450  0.0050  0.000000e+00
12.5550  0.0050  0.000000e+00
12.5650  0.0050  0.000000e+00
12.5750  0.0050  0.000000e+00
12.5850  0.0050  0.000000e+00
12.5950  0.0050  0.000000e+00
12.6050  0.0050  0.000000e+00
12.6150  0.0050  0.000000e+00
12.6250  0.0050  0.000000e+00
12.6350  0.0050  0.000000e+00
12.6450  0.0050  0.000000e+00
12.6550  0.0050  0.000000e+00
12.6650  0.0050  0.000000e+00
12.6750  0.0050  0.000000e+00
12.6850  0.0050  0.000000e+00
12.6950  0.0050  0.000000e+00
12.7050  0.0050  0.000000e+00
12.7150  0.0050  0.000000e+00
12.7250  0.0050  0.000000e+00
12.7350  0.0050  0.000000e+00
12.7450  0.0050  0.000000e+00
12.7550  0.0050  0.000000e+00
12.7650  0.0050  0.000000e+00
12.7750  0.0050  0.000000e+00
12.7850  0.0050  0.000000e+00
12.7950  0.0050  0.000000e+00
12.8050  0.0050  0.000000e+00
12.8150  0.0050  0.000000e+00
12.8250  0.0050  0.000000e+00
12.8350  0.0050  0.000000e+00
12.8450  0.0050  0.000000e+00
12.8550  0.0050  0.000000e+00
12.8650  0.0050  0.000000e+00
12.8750  0.0050  0.000000e+00
12.8850  0.0050  0.000000e+00
12.8950  0.0050  0.000000e+00
12.9050  0.0050  0.000000e+00
12.9150  0.0050  0.000000e+00
12.9250  0.0050  0.000000e+00
12.9350  0.0050  0.000000e+00
12.9450  0.0050  0.000000e+00
12.9550  0.0050  0.000000e+00
12.9650  0.0050  0.000000e+00
12.9750  0.0050  0.000000e+00
12.9850  0.0050  0.000000e+00
12.9950  0.0050  0.000000e+00
13.0050  0.0050  0.000000e+00
13.0150  0.0050  0.000000e+00
13.0250  0.0050  0.000000e+00
13.0350  0.0050  0.000000e+00
13.0450  0.0050  0.000000e+00
13.0550  0.0050  0.000000e+00
13.0650  0.0050  0.000000e+00
13.0750  0.0050  0.000000e+00
13.0850  0.0050  0.000000e+00
13.0950  0.0050  0.000000e+00
13.1050  0.0050  0.000000e+00
13.1150  0.0050  0.000000e+00
13.1250  0.0050  0.000000e+00
13.1350  0.0050  0.000000e+00
13.1450  0.0050  0.000000e+00
13.1550  0.0050  0.000000e+00
13.1650  0.0050  0.000000e+00
13.1750  0.0050  0.000000e+00
13.1850  0.0050  0.000000e+00
13.1950  0.0050  0.000000e+00
13.2050  0.0050  0.000000e+00
13.2150  0.0050  0.000000e+00
13.2250  0.0050  0.000000e+00
13.2350  0.0050  0.000000e+00
13.2450  0.0050  0.000000e+00
13.2550  0.0050  0.000000e+00
13.2650  0.0050  0.000000e+00
13.2750  0.0050  0.000000e+00
13.2850  0.0050  0.000000e+00
13.2950  0.0050  0.000000e+00
13.3050  0.0050  0.000000e+00
13.3150  0.0050  0.000000e+00
13.3250  0.0050  0.000000e+00
13.3350  0.0050  0.000000e+00
13.3450  0.0050  0.000000e+00
13.3550  0.0050  0.000000e+00
13.3650  0.0050  0.000000e+00
13.3750  0.0050  0.000000e+00
13.3850  0.0050  0.000000e+00
13.3950  0.0050  0.000000e+00
13.4050  0.0050  0.000000e+00
13.4150  0.0050  0.000000e+00
13.4250  0.0050  0.000000e+00
13.4350  0.0050  0.000000e+00
13.4450  0.0050  0.000000e+00
13.4550  0.0050  0.000000e+00
13.4650  0.0050  0.000000e+00
13.4750  0.0050  0.000000e+00
13.4850  0.0050  0.000000e+00
13.4950  0.0050  0.000000e+00
13.5050  0.0050  0.000000e+00
13.5150  0.0050  0.000000e+00
13.5250  0.0050  0.000000e+00
13.5350  0.0050  0.000000e+00
13.5450  0.0050  0.000000e+00
13.5550  0.0050  0.000000e+00
13.5650  0.0050  0.000000e+00
13.5750  0.0050  0.000000e+00
13.5850  0.0050  0.000000e+00
13.5950  0.0050  0.000000e+00
13.6050  0.0050  0.000000e+00
13.6150  0.0050  0.000000e+00
13.6250  0.0050  0.000000e+00
13.6350  0.0050  0.000000e+00
13.6450  0.0050  0.000000e+00
13.6550  0.0050  0.000000e+00
13.6650  0.0050  0.000000e+00
13.6750  0.0050  0.000000e+00
13.6850  0.0050  0.000000e+00
13.6950  0.0050  0.000000e+00
13.7050  0.0050  0.000000e+00
13.7150  0.0050  0.000000e+00
13.7250  0.0050  0.000000e+00
13.7350  0.0050  0.000000e+00
13.7450  0.0050  0.000000e+00
13.7550  0.0050  0.000000e+00
13.7650  0.0050  0.000000e+00
13.7750  0.0050  0.000000e+00
13.7850  0.0050  0.000000e+00
13.7950  0.0050  0.000000e+00
13.8050  0.0050  0.000000e+00
13.8150  0.0050  0.000000e+00
13.8250  0.0050  0.000000e+00
13.8350  0.0050  0.000000e+00
13.8450  0.0050  0.000000e+00
13.8550  0.0050  0.000000e+00
13.8650  0.0050  0.000000e+00
13.8750  0.0050  0.000000e+00
13.8850  0.0050  0.000000e+00
13.8950  0.0050  0.000000e+00
13.9050  0.0050  0.000000e+00
13.9150  0.0050  0.000000e+00
13.9250  0.0050  0.000000e+00
13.9350  0.0050  0.000000e+00
13.9450  0.0050  0.000000e+00
13.9550  0.0050  0.000000e+00
13.9650  0.0050  0.000000e+00
13.9750  0.0050  0.000000e+00
13.9850  0.0050  0.000000e+00
13.9950  0.0050  0.000000e+00
14.0050  0.0050  0.000000e+00
14.0150  0.0050  0.000000e+00
14.0250  0.0050  0.000000e+00
14.0350  0.0050  0.000000e+00
14.0450  0.0050  0.000000e+00
14.0550  0.0050  0.000000e+00
14.0650  0.0050  0.000000e+00
14.0750  0.0050  0.000000e+00
14.0850  0.0050  0.000000e+00
14.0950  0.0050  0.000000e+00
14.1050  0.0050  0.000000e+00
14.1150  0.0050  0.000000e+00
14.1250  0.0050  0.000000e+00
14.1350  0.0050  0.000000e+00
14.1450  0.0050  0.000000e+00
14.1550  0.0050  0.000000e+00
14.1650  0.0050  0.000000e+00
14.1750  0.0050  0.000000e+00
14.1850  0.0050  0.000000e+00
14.1950  0.0050  0.000000e+00
14.2050  0.0050  0.000000e+00
14.2150  0.0050  0.000000e+00
14.2250  0.0050  0.000000e+00
14.2350  0.0050  0.000000e+00
14.2450  0.0050  0.000000e+00
14.2550  0.0050  0.000000e+00
14.2650  0.0050  0.000000e+00
14.2750  0.0050  0.000000e+00
14.2850  0.0050  0.000000e+00
14.2950  0.0050  0.000000e+00
14.3050  0.0050  0.000000e+00
14.3150  0.0050  0.000000e+00
14.3250  0.0050  0.000000e+00
14.3350  0.0050  0.000000e+00
14.3450  0.0050  0.000000e+00
14.3550  0.0050  0.000000e+00
14.3650  0.0050  0.000000e+00
14.3750  0.0050  0.000000e+00
14.3850  0.0050  0.000000e+00
14.3950  0.0050  0.000000e+00
14.4050  0.0050  0.000000e+00
14.4150  0.0050  0.000000e+00
14.4250  0.0050  0.000000e+00
14.4350  0.0050  0.000000e+00
14.4450  0.0050  0.000000e+00
14.4550  0.0050  0.000000e+00
14.4650  0.0050  0.000000e+00
14.4750  0.0050  0.000000e+00
14.4850  0.0050  0.000000e+00
14.4950  0.0050  0.000000e+00
14.5050  0.0050  0.000000e+00
14.5150  0.0050  0.000000e+00
14.5250  0.0050  0.000000e+00
14.5350  0.0050  0.000000e+00
14.5450  0.0050  0.000000e+00
14.5550  0.0050  0.000000e+00
14.5650  0.0050  0.000000e+00
14.5750  0.0050  0.000000e+00
14.5850  0.0050  0.000000e+00
14.5950  0.0050  0.000000e+00
14.6050  0.0050  0.000000e+00
14.6150  0.0050  0.000000e+00
14.6250  0.0050  0.000000e+00
14.6350  0.0050  0.000000e+00
14.6450  0.0050  0.000000e+00
14.6550  0.0050  0.000000e+00
14.6650  0.0050  0.000000e+00
14.6750  0.0050  0.000000e+00
14.6850  0.0050  0.000000e+00
14.6950  0.0050  0.000000e+00
14.7050  0.0050  0.000000e+00
14.7150  0.0050  0.000000e+00
14.7250  0.0050  0.000000e+00
14.7350  0.0050  0.000000e+00
14.7450  0.0050  0.000000e+00
14.7550  0.0050  0.000000e+00
14.7650  0.0050  0.000000e+00
14.7750  0.0050  0.000000e+00
14.7850  0.0050  0.000000e+00
14.7950  0.0050  0.000000e+00
14.8050  0.0050  0.000000e+00
14.8150  0.0050  0.000000e+00
14.8250  0.0050  0.000000e+00
14.8350  0.0050  0.000000e+00
14.8450  0.0050  0.000000e+00
14.8550  0.0050  0.000000e+00
14.8650  0.0050  0.000000e+00
14.8750  0.0050  0.000000e+00
14.8850  0.0050  0.000000e+00
14.8950  0.0050  0.000000e+00
14.9050  0.0050  0.000000e+00
14.9150  0.0050  0.000000e+00
14.9250  0.0050  0.000000e+00
14.9350  0.0050  0.000000e+00
14.9450  0.0050  0.000000e+00
14.9550  0.0050  0.000000e+00
14.9650  0.0050  0.000000e+00
14.9750  0.0050  0.000000e+00
14.9850  0.0050  0.000000e+00
14.9950  0.0050  0.000000e+00
15.0050  0.0050  0.000000e+00
15.0150  0.0050  0.000000e+00
15.0250  0.0050  0.000000e+00
15.0350  0.0050  0.000000e+00
15.0450  0.0050  0.000000e+00
15.0550  0.0050  0.000000e+00
15.0650  0.0050  0.000000e+00
15.0750  0.0050  0.000000e+00
15.0850  0.0050  0.000000e+00
15.0950  0.0050  0.000000e+00
15.1050  0.0050  0.000000e+00
15.1150  0.0050  0.000000e+00
15.1250  0.0050  0.000000e+00
15.1350  0.0050  0.000000e+00
15.1450  0.0050  0.000000e+00
15.1550  0.0050  0.000000e+00
15.1650  0.0050  0.000000e+00
15.1750  0.0050  0.000000e+00
15.1850  0.0050  0.000000e+00
15.1950  0.0050  0.000000e+00
15.2050  0.0050  0.000000e+00
15.2150  0.0050  0.000000e+00
15.2250  0.0050  0.000000e+00
15.2350  0.0050  0.000000e+00
15.2450  0.0050  0.000000e+00
15.2550  0.0050  0.000000e+00
15.2650  0.0050  0.000000e+00
15.2750  0.0050  0.000000e+00
15.2850  0.0050  0.000000e+00
15.2950  0.0050  0.000000e+00
15.3050  0.0050  0.000000e+00
15.3150  0.0050  0.000000e+00
15.3250  0.0050  0.000000e+00
15.3350  0.0050  0.000000e+00
15.3450  0.0050  0.000000e+00
15.3550  0.0050  0.000000e+00
15.3650  0.0050  0.000000e+00
15.3750  0.0050  0.000000e+00
15.3850  0.0050  0.000000e+00
15.3950  0.0050  0.000000e+00
15.4050  0.0050  0.000000e+00
15.4150  0.0050  0.000000e+00
15.4250  0.0050  0.000000e+00
15.4350  0.0050  0.000000e+00
15.4450  0.0050  0.000000e+00
15.4550  0.0050  0.000000e+00
15.4650  0.0050  0.000000e+00
15.4750  0.0050  0.000000e+00
15.4850  0.0050  0.000000e+00
15.4950  0.0050  0.000000e+00
15.5050  0.0050  0.000000e+00
15.5150  0.0050  0.000000e+00
15.5250  0.0050  0.000000e+00
15.5350  0.0050  0.000000e+00
15.5450  0.0050  0.000000e+00
15.5550  0.0050  0.000000e+00
15.5650  0.0050  0.000000e+00
15.5750  0.0050  0.000000e+00
15.5850  0.0050  0.000000e+00
15.5950  0.0050  0.000000e+00
15.6050  0.0050  0.000000e+00
15.6150  0.0050  0.000000e+00
15.6250  0.0050  0.000000e+00
15.6350  0.0050  0.000000e+00
15.6450  0.0050  0.000000e+00
15.6550  0.0050  0.000000e+00
15.6650  0.0050  0.000000e+00
15.6750  0.0050  0.000000e+00
15.6850  0.0050  0.000000e+00
15.6950  0.0050  0.000000e+00
15.7050  0.0050  0.000000e+00
15.7150  0.0050  0.000000e+00
15.7250  0.0050  0.000000e+00
15.7350  0.0050  0.000000e+00
15.7450  0.0050  0.000000e+00
15.7550  0.0050  0.000000e+00
15.7650  0.0050  0.000000e+00
15.7750  0.0050  0.000000e+00
15.7850  0.0050  0.000000e+00
15.7950  0.0050  0.000000e+00
15.8050  0.0050  0.000000e+00
15.8150  0.0050  0.000000e+00
15.8250  0.0050  0.000000e+00
15.8350  0.0050  0.000000e+00
15.8450  0.0050  0.000000e+00
15.8550  0.0050  0.000000e+00
15.8650  0.0050  0.000000e+00
15.8750  0.0050  0.000000e+00
15.8850  0.0050  0.000000e+00
15.8950  0.0050  0.000000e+00
15.9050  0.0050  0.000000e+00
15.9150  0.0050  0.000000e+00
15.9250  0.0050  0.000000e+00
15.9350  0.0050  0.000000e+00
15.9450  0.0050  0.000000e+00
15.9550  0.0050  0.000000e+00
15.9650  0.0050  0.000000e+00
15.9750  0.0050  0.000000e+00
15.9850  0.0050  0.000000e+00
15.9950  0.0050  0.000000e+00
16.0050  0.0050  0.000000e+00
16.0150  0.0050  0.000000e+00
16.0250  0.0050  0.000000e+00
16.0350  0.0050  0.000000e+00
16.0450  0.0050  0.000000e+00
16.0550  0.0050  0.000000e+00
16.0650  0.0050  0.000000e+00
16.0750  0.0050  0.000000e+00
16.0850  0.0050  0.000000e+00
16.0950  0.0050  0.000000e+00
16.1050  0.0050  0.000000e+00
16.1150  0.0050  0.000000e+00
16.1250  0.0050  0.000000e+00
16.1350  0.0050  0.000000e+00
16.1450  0.0050  0.000000e+00
16.1550  0.0050  0.000000e+00
16.1650  0.0050  0.000000e+00
16.1750  0.0050  0.000000e+00
16.1850  0.0050  0.000000e+00
16.1950  0.0050  0.000000e+00
16.2050  0.0050  0.000000e+00
16.2150  0.0050  0.000000e+00
16.2250  0.0050  0.000000e+00
16.2350  0.0050  0.000000e+00
16.2450  0.0050  0.000000e+00
16.2550  0.0050  0.000000e+00
16.2650  0.0050  0.000000e+00
16.2750  0.0050  0.000000e+00
16.2850  0.0050  0.000000e+00
16.2950  0.0050  0.000000e+00
16.3050  0.0050  0.000000e+00
16.3150  0.0050  0.000000e+00
16.3250  0.0050  0.000000e+00
16.3350  0.0050  0.000000e+00
16.3450  0.0050  0.000000e+00
16.3550  0.0050  0.000000e+00
16.3650  0.0050  0.000000e+00
16.3750  0.0050  0.000000e+00
16.3850  0.0050  0.000000e+00
16.3950  0.0050  0.000000e+00
16.4050  0.0050  0.000000e+00
16.4150  0.0050  0.000000e+00
16.4250  0.0050  0.000000e+00
16.4350  0.0050  0.000000e+00
16.4450  0.0050  0.000000e+00
16.4550  0.0050  0.000000e+00
16.4650  0.0050  0.000000e+00
16.4750  0.0050  0.000000e+00
16.4850  0.0050  0.000000e+00
16.4950  0.0050  0.000000e+00
16.5050  0.0050  0.000000e+00
16.5150  0.0050  0.000000e+00
16.5250  0.0050  0.000000e+00
16.5350  0.0050  0.000000e+00
16.5450  0.0050  0.000000e+00
16.5550  0.0050  0.000000e+00
16.5650  0.0050  0.000000e+00
16.5750  0.0050  0.000000e+00
16.5850  0.0050  0.000000e+00
16.5950  0.0050  0.000000e+00
16.6050  0.0050  0.000000e+00
16.6150  0.0050  0.000000e+00
16.6250  0.0050  0.000000e+00
16.6350  0.0050  0.000000e+00
16.6450  0.0050  0.000000e+00
16.6550  0.0050  0.000000e+00
16.6650  0.0050  0.000000e+00
16.6750  0.0050  0.000000e+00
16.6850  0.0050  0.000000e+00
16.6950  0.0050  0.000000e+00
16.7050  0.0050  0.000000e+00
16.7150  0.0050  0.000000e+00
16.7250  0.0050  0.000000e+00
16.7350  0.0050  0.000000e+00
16.7450  0.0050  0.000000e+00
16.7550  0.0050  0.000000e+00
16.7650  0.0050  0.000000e+00
16.7750  0.0050  0.000000e+00
16.7850  0.0050  0.000000e+00
16.7950  0.0050  0.000000e+00
16.8050  0.0050  0.000000e+00
16.8150  0.0050  0.000000e+00
16.8250  0.0050  0.000000e+00
16.8350  0.0050  0.000000e+00
16.8450  0.0050  0.000000e+00
16.8550  0.0050  0.000000e+00
16.8650  0.0050  0.000000e+00
16.8750  0.0050  0.000000e+00
16.8850  0.0050  0.000000e+00
16.8950  0.0050  0.000000e+00
16.9050  0.0050  0.000000e+00
16.9150  0.0050  0.000000e+00
16.9250  0.0050  0.000000e+00
16.9350  0.0050  0.000000e+00
16.9450  0.0050  0.000000e+00
16.9550  0.0050  0.000000e+00
16.9650  0.0050  0.000000e+00
16.9750  0.0050  0.000000e+00
16.9850  0.0050  0.000000e+00
16.9950  0.0050  0.000000e+00
17.0050  0.0050  0.000000e+00
17.0150  0.0050  0.000000e+00
17.0250  0.0050  0.000000e+00
17.0350  0.0050  0.000000e+00
17.0450  0.0050  0.000000e+00
17.0550  0.0050  0.000000e+00
17.0650  0.0050  0.000000e+00
17.0750  0.0050  0.000000e+00
17.0850  0.0050  0.000000e+00
17.0950  0.0050  0.000000e+00
17.1050  0.0050  0.000000e+00
17.1150  0.0050  0.000000e+00
17.1250  0.0050  0.000000e+00
17.1350  0.0050  0.000000e+00
17.1450  0.0050  0.000000e+00
17.1550  0.0050  0.000000e+00
17.1650  0.0050  0.000000e+00
17.1750  0.0050  0.000000e+00
17.1850  0.0050  0.000000e+00
17.1950  0.0050  0.000000e+00
17.2050  0.0050  0.000000e+00
17.2150  0.0050  0.000000e+00
17.2250  0.0050  0.000000e+00
17.2350  0.0050  0.000000e+00
17.2450  0.0050  0.000000e+00
17.2550  0.0050  0.000000e+00
17.2650  0.0050  0.000000e+00
17.2750  0.0050  0.000000e+00
17.2850  0.0050  0.000000e+00
17.2950  0.0050  0.000000e+00
17.3050  0.0050  0.000000e+00
17.3150  0.0050  0.000000e+00
17.3250  0.0050  0.000000e+00
17.3350  0.0050  0.000000e+00
17.3450  0.0050  0.000000e+00
17.3550  0.0050  0.000000e+00
17.3650  0.0050  0.000000e+00
17.3750  0.0050  0.000000e+00
17.3850  0.0050  0.000000e+00
17.3950  0.0050  0.000000e+00
17.4050  0.0050  0.000000e+00
17.4150  0.0050  0.000000e+00
17.4250  0.0050  0.000000e+00
17.4350  0.0050  0.000000e+00
17.4450  0.0050  0.000000e+00
17.4550  0.0050  0.000000e+00
17.4650  0.0050  0.000000e+00
17.4750  0.0050  0.000000e+00
17.4850  0.0050  0.000000e+00
17.4950  0.0050  0.000000e+00
17.5050  0.0050  0.000000e+00
17.5150  0.0050  0.000000e+00
17.5250  0.0050  0.000000e+00
17.5350  0.0050  0.000000e+00
17.5450  0.0050  0.000000e+00
17.5550  0.0050  0.000000e+00
17.5650  0.0050  0.000000e+00
17.5750  0.0050  0.000000e+00
17.5850  0.0050  0.000000e+00
17.5950  0.0050  0.000000e+00
17.6050  0.0050  0.000000e+00
17.6150  0.0050  0.000000e+00
17.6250  0.0050  0.000000e+00
17.6350  0.0050  0.000000e+00
17.6450  0.0050  0.000000e+00
17.6550  0.0050  0.000000e+00
17.6650  0.0050  0.000000e+00
17.6750  0.0050  0.000000e+00
17.6850  0.0050  0.000000e+00
17.6950  0.0050  0.000000e+00
17.7050  0.0050  0.000000e+00
17.7150  0.0050  0.000000e+00
17.7250  0.0050  0.000000e+00
17.7350  0.0050  0.000000e+00
17.7450  0.0050  0.000000e+00
17.7550  0.0050  0.000000e+00
17.7650  0.0050  0.000000e+00
17.7750  0.0050  0.000000e+00
17.7850  0.0050  0.000000e+00
17.7950  0.0050  0.000000e+00
17.8050  0.0050  0.000000e+00
17.8150  0.0050  0.000000e+00
17.8250  0.0050  0.000000e+00
17.8350  0.0050  0.000000e+00
17.8450  0.0050  0.000000e+00
17.8550  0.0050  0.000000e+00
17.8650  0.0050  0.000000e+00
17.8750  0.0050  0.000000e+00
17.8850  0.0050  0.000000e+00
17.8950  0.0050  0.000000e+00
17.9050  0.0050  0.000000e+00
17.9150  0.0050  0.000000e+00
17.9250  0.0050  0.000000e+00
17.9350  0.0050  0.000000e+00
17.9450  0.0050  0.000000e+00
17.9550  0.0050  0.000000e+00
17.9650  0.0050  0.000000e+00
17.9750  0.0050  0.000000e+00
17.9850  0.0050  0.000000e+00
17.9950  0.0050  0.000000e+00
18.0050  0.0050  0.000000e+00
18.0150  0.0050  0.000000e+00
18.0250  0.0050  0.000000e+00
18.0350  0.0050  0.000000e+00
18.0450  0.0050  0.000000e+00
18.0550  0.0050  0.000000e+00
18.0650  0.0050  0.000000e+00
18.0750  0.0050  0.000000e+00
18.0850  0.0050  0.000000e+00
18.0950  0.0050  0.000000e+00
18.1050  0.0050  0.000000e+00
18.1150  0.0050  0.000000e+00
18.1250  0.0050  0.000000e+00
18.1350  0.0050  0.000000e+00
18.1450  0.0050  0.000000e+00
18.1550  0.0050  0.000000e+00
18.1650  0.0050  0.000000e+00
18.1750  0.0050  0.000000e+00
18.1850  0.0050  0.000000e+00
18.1950  0.0050  0.000000e+00
18.2050  0.0050  0.000000e+00
18.2150  0.0050  0.000000e+00
18.2250  0.0050  0.000000e+00
18.2350  0.0050  0.000000e+00
18.2450  0.0050  0.000000e+00
18.2550  0.0050  0.000000e+00
18.2650  0.0050  0.000000e+00
18.2750  0.0050  0.000000e+00
18.2850  0.0050  0.000000e+00
18.2950  0.0050  0.000000e+00
18.3050  0.0050  0.000000e+00
18.3150  0.0050  0.000000e+00
18.3250  0.0050  0.000000e+00
18.3350  0.0050  0.000000e+00
18.3450  0.0050  0.000000e+00
18.3550  0.0050  0.000000e+00
18.3650  0.0050  0.000000e+00
18.3750  0.0050  0.000000e+00
18.3850  0.0050  0.000000e+00
18.3950  0.0050  0.000000e+00
18.4050  0.0050  0.000000e+00
18.4150  0.0050  0.000000e+00
18.4250  0.0050  0.000000e+00
18.4350  0.0050  0.000000e+00
18.4450  0.0050  0.000000e+00
18.4550  0.0050  0.000000e+00
18.4650  0.0050  0.000000e+00
18.4750  0.0050  0.000000e+00
18.4850  0.0050  0.000000e+00
18.4950  0.0050  0.000000e+00
18.5050  0.0050  0.000000e+00
18.5150  0.0050  0.000000e+00
18.5250  0.0050  0.000000e+00
18.5350  0.0050  0.000000e+00
18.5450  0.0050  0.000000e+00
18.5550  0.0050  0.000000e+00
18.5650  0.0050  0.000000e+00
18.5750  0.0050  0.000000e+00
18.5850  0.0050  0.000000e+00
18.5950  0.0050  0.000000e+00
18.6050  0.0050  0.000000e+00
18.6150  0.0050  0.000000e+00
18.6250  0.0050  0.000000e+00
18.6350  0.0050  0.000000e+00
18.6450  0.0050  0.000000e+00
18.6550  0.0050  0.000000e+00
18.6650  0.0050  0.000000e+00
18.6750  0.0050  0.000000e+00
18.6850  0.0050  0.000000e+00
18.6950  0.0050  0.000000e+00
18.7050  0.0050  0.000000e+00
18.7150  0.0050  0.000000e+00
18.7250  0.0050  0.000000e+00
18.7350  0.0050  0.000000e+00
18.7450  0.0050  0.000000e+00
18.7550  0.0050  0.000000e+00
18.7650  0.0050  0.000000e+00
18.7750  0.0050  0.000000e+00
18.7850  0.0050  0.000000e+00
18.7950  0.0050  0.000000e+00
18.8050  0.0050  0.000000e+00
18.8150  0.0050  0.000000e+00
18.8250  0.0050  0.000000e+00
18.8350  0.0050  0.000000e+00
18.8450  0.0050  0.000000e+00
18.8550  0.0050  0.000000e+00
18.8650  0.0050  0.000000e+00
18.8750  0.0050  0.000000e+00
18.8850  0.0050  0.000000e+00
18.8950  0.0050  0.000000e+00
18.9050  0.0050  0.000000e+00
18.9150  0.0050  0.000000e+00
18.9250  0.0050  0.000000e+00
18.9350  0.0050  0.000000e+00
18.9450  0.0050  0.000000e+00
18.9550  0.0050  0.000000e+00
18.9650  0.0050  0.000000e+00
18.9750  0.0050  0.000000e+00
18.9850  0.0050  0.000000e+00
18.9950  0.0050  0.000000e+00
19.0050  0.0050  0.000000e+00
19.0150  0.0050  0.000000e+00
19.0250  0.0050  0.000000e+00
19.0350  0.0050  0.000000e+00
19.0450  0.0050  0.000000e+00
19.0550  0.0050  0.000000e+00
19.0650  0.0050  0.000000e+00
19.0750  0.0050  0.000000e+00
19.0850  0.0050  0.000000e+00
19.0950  0.0050  0.000000e+00
19.1050  0.0050  0.000000e+00
19.1150  0.0050  0.000000e+00
19.1250  0.0050  0.000000e+00
19.1350  0.0050  0.000000e+00
19.1450  0.0050  0.000000e+00
19.1550  0.0050  0.000000e+00
19.1650  0.0050  0.000000e+00
19.1750  0.0050  0.000000e+00
19.1850  0.0050  0.000000e+00
19.1950  0.0050  0.000000e+00
19.2050  0.0050  0.000000e+00
19.2150  0.0050  0.000000e+00
19.2250  0.0050  0.000000e+00
19.2350  0.0050  0.000000e+00
19.2450  0.0050  0.000000e+00
19.2550  0.0050  0.000000e+00
19.2650  0.0050  0.000000e+00
19.2750  0.0050  0.000000e+00
19.2850  0.0050  0.000000e+00
19.2950  0.0050  0.000000e+00
19.3050  0.0050  0.000000e+00
19.3150  0.0050  0.000000e+00
19.3250  0.0050  0.000000e+00
19.3350  0.0050  0.000000e+00
19.3450  0.0050  0.000000e+00
19.3550  0.0050  0.000000e+00
19.3650  0.0050  0.000000e+00
19.3750  0.0050  0.000000e+00
19.3850  0.0050  0.000000e+00
19.3950  0.0050  0.000000e+00
19.4050  0.0050  0.000000e+00
19.4150  0.0050  0.000000e+00
19.4250  0.0050  0.000000e+00
19.4350  0.0050  0.000000e+00
19.4450  0.0050  0.000000e+00
19.4550  0.0050  0.000000e+00
19.4650  0.0050  0.000000e+00
19.4750  0.0050  0.000000e+00
19.4850  0.0050  0.000000e+00
19.4950  0.0050  0.000000e+00
19.5050  0.0050  0.000000e+00
19.5150  0.0050  0.000000e+00
19.5250  0.0050  0.000000e+00
19.5350  0.0050  0.000000e+00
19.5450  0.0050  0.000000e+00
19.5550  0.0050  0.000000e+00
19.5650  0.0050  0.000000e+00
19.5750  0.0050  0.000000e+00
19.5850  0.0050  0.000000e+00
19.5950  0.0050  0.000000e+00
19.6050  0.0050  0.000000e+00
19.6150  0.0050  0.000000e+00
19.6250  0.0050  0.000000e+00
19.6350  0.0050  0.000000e+00
19.6450  0.0050  0.000000e+00
19.6550  0.0050  0.000000e+00
19.6650  0.0050  0.000000e+00
19.6750  0.0050  0.000000e+00
19.6850  0.0050  0.000000e+00
19.6950  0.0050  0.000000e+00
19.7050  0.0050  0.000000e+00
19.7150  0.0050  0.000000e+00
19.7250  0.0050  0.000000e+00
19.7350  0.0050  0.000000e+00
19.7450  0.0050  0.000000e+00
19.7550  0.0050  0.000000e+00
19.7650  0.0050  0.000000e+00
19.7750  0.0050  0.000000e+00
19.7850  0.0050  0.000000e+00
19.7950  0.0050  0.000000e+00
19.8050  0.0050  0.000000e+00
19.8150  0.0050  0.000000e+00
19.8250  0.0050  0.000000e+00
19.8350  0.0050  0.000000e+00
19.8450  0.0050  0.000000e+00
19.8550  0.0050  0.000000e+00
19.8650  0.0050  0.000000e+00
19.8750  0.0050  0.000000e+00
19.8850  0.0050  0.000000e+00
19.8950  0.0050  0.000000e+00
19.9050  0.0050  0.000000e+00
19.9150  0.0050  0.000000e+00
19.9250  0.0050  0.000000e+00
19.9350  0.0050  0.000000e+00
19.9450  0.0050  0.000000e+00
19.9550  0.0050  0.000000e+00
19.9650  0.0050  0.000000e+00
19.9750  0.0050  0.000000e+00
19.9850  0.0050  0.000000e+00
19.9950  0.0050  0.000000e+00
20.0050  0.0050  0.000000e+00
20.0150  0.0050  0.000000e+00
20.0250  0.0050  0.000000e+00
20.0350  0.0050  0.000000e+00
20.0450  0.0050  0.000000e+00
20.0550  0.0050  0.000000e+00
20.0650  0.0050  0.000000e+00
20.0750  0.0050  0.000000e+00
20.0850  0.0050  0.000000e+00
20.0950  0.0050  0.000000e+00
20.1050  0.0050  0.000000e+00
20.1150  0.0050  0.000000e+00
20.1250  0.0050  0.000000e+00
20.1350  0.0050  0.000000e+00
20.1450  0.0050  0.000000e+00
20.1550  0.0050  0.000000e+00
20.1650  0.0050  0.000000e+00
20.1750  0.0050  0.000000e+00
20.1850  0.0050  0.000000e+00
20.1950  0.0050  0.000000e+00
20.2050  0.0050  0.000000e+00
20.2150  0.0050  0.000000e+00
20.2250  0.0050  0.000000e+00
20.2350  0.0050  0.000000e+00
20.2450  0.0050  0.000000e+00
20.2550  0.0050  0.000000e+00
20.2650  0.0050  0.000000e+00
20.2750  0.0050  0.000000e+00
20.2850  0.0050  0.000000e+00
20.2950  0.0050  0.000000e+00
20.3050  0.0050  0.000000e+00
20.3150  0.0050  0.000000e+00
20.3250  0.0050  0.000000e+00
20.3350  0.0050  0.000000e+00
20.3450  0.0050  0.000000e+00
20.3550  0.0050  0.000000e+00
20.3650  0.0050  0.000000e+00
20.3750  0.0050  0.000000e+00
20.3850  0.0050  0.000000e+00
20.3950  0.0050  0.000000e+00
20.4050  0.0050  0.000000e+00
20.4150  0.0050  0.000000e+00
20.4250  0.0050  0.000000e+00
20.4350  0.0050  0.000000e+00
20.4450  0.0050  0.000000e+00
20.4550  0.0050  0.000000e+00
20.4650  0.0050  0.000000e+00
20.4750  0.0050  0.000000e+00
20.4850  0.0050  0.000000e+00
20.4950  0.0050  0.000000e+00
20.5050  0.0050  0.000000e+00
20.5150  0.0050  0.000000e+00
20.5250  0.0050  0.000000e+00
20.5350  0.0050  0.000000e+00
20.5450  0.0050  0.000000e+00
20.5550  0.0050  0.000000e+00
20.5650  0.0050  0.000000e+00
20.5750  0.0050  0.000000e+00
20.5850  0.0050  0.000000e+00
20.5950  0.0050  0.000000e+00
20.6050  0.0050  0.000000e+00
20.6150  0.0050  0.000000e+00
20.6250  0.0050  0.000000e+00
20.6350  0.0050  0.000000e+00
20.6450  0.0050  0.000000e+00
20.6550  0.0050  0.000000e+00
20.6650  0.0050  0.000000e+00
20.6750  0.0050  0.000000e+00
20.6850  0.0050  0.000000e+00
20.6950  0.0050  0.000000e+00
20.7050  0.0050  0.000000e+00
20.7150  0.0050  0.000000e+00
20.7250  0.0050  0.000000e+00
20.7350  0.0050  0.000000e+00
20.7450  0.0050  0.000000e+00
20.7550  0.0050  0.000000e+00
20.7650  0.0050  0.000000e+00
20.7750  0.0050  0.000000e+00
20.7850  0.0050  0.000000e+00
20.7950  0.0050  0.000000e+00
20.8050  0.0050  0.000000e+00
20.8150  0.0050  0.000000e+00
20.8250  0.0050  0.000000e+00
20.8350  0.0050  0.000000e+00
20.8450  0.0050  0.000000e+00
20.8550  0.0050  0.000000e+00
20.8650  0.0050  0.000000e+00
20.8750  0.0050  0.000000e+00
20.8850  0.0050  0.000000e+00
20.8950  0.0050  0.000000e+00
20.9050  0.0050  0.000000e+00
20.9150  0.0050  0.000000e+00
20.9250  0.0050  0.000000e+00
20.9350  0.0050  0.000000e+00
20.9450  0.0050  0.000000e+00
20.9550  0.0050  0.000000e+00
20.9650  0.0050  0.000000e+00
20.9750  0.0050  0.000000e+00
20.9850  0.0050  0.000000e+00
20.9950  0.0050  0.000000e+00
21.0050  0.0050  0.000000e+00
21.0150  0.0050  0.000000e+00
21.0250  0.0050  0.000000e+00
21.0350  0.0050  0.000000e+00
21.0450  0.0050  0.000000e+00
21.0550  0.0050  0.000000e+00
21.0650  0.0050  0.000000e+00
21.0750  0.0050  0.000000e+00
21.0850  0.0050  0.000000e+00
21.0950  0.0050  0.000000e+00
21.1050  0.0050  0.000000e+00
21.1150  0.0050  0.000000e+00
21.1250  0.0050  0.000000e+00
21.1350  0.0050  0.000000e+00
21.1450  0.0050  0.000000e+00
21.1550  0.0050  0.000000e+00
21.1650  0.0050  0.000000e+00
21.1750  0.0050  0.000000e+00
21.1850  0.0050  0.000000e+00
21.1950  0.0050  0.000000e+00
21.2050  0.0050  0.000000e+00
21.2150  0.0050  0.000000e+00
21.2250  0.0050  0.000000e+00
21.2350  0.0050  0.000000e+00
21.2450  0.0050  0.000000e+00
21.2550  0.0050  0.000000e+00
21.2650  0.0050  0.000000e+00
21.2750  0.0050  0.000000e+00
21.2850  0.0050  0.000000e+00
21.2950  0.0050  0.000000e+00
21.3050  0.0050  0.000000e+00
21.3150  0.0050  0.000000e+00
21.3250  0.0050  0.000000e+00
21.3350  0.0050  0.000000e+00
21.3450  0.0050  0.000000e+00
21.3550  0.0050  0.000000e+00
21.3650  0.0050  0.000000e+00
21.3750  0.0050  0.000000e+00
21.3850  0.0050  0.000000e+00
21.3950  0.0050  0.000000e+00
21.4050  0.0050  0.000000e+00
21.4150  0.0050  0.000000e+00
21.4250  0.0050  0.000000e+00
21.4350  0.0050  0.000000e+00
21.4450  0.0050  0.000000e+00
21.4550  0.0050  0.000000e+00
21.4650  0.0050  0.000000e+00
21.4750  0.0050  0.000000e+00
21.4850  0.0050  0.000000e+00
21.4950  0.0050  0.000000e+00
21.5050  0.0050  0.000000e+00
21.5150  0.0050  0.000000e+00
21.5250  0.0050  0.000000e+00
21.5350  0.0050  0.000000e+00
21.5450  0.0050  0.000000e+00
21.5550  0.0050  0.000000e+00
21.5650  0.0050  0.000000e+00
21.5750  0.0050  0.000000e+00
21.5850  0.0050  0.000000e+00
21.5950  0.0050  0.000000e+00
21.6050  0.0050  0.000000e+00
21.6150  0.0050  0.000000e+00
21.6250  0.0050  0.000000e+00
21.6350  0.0050  0.000000e+00
21.6450  0.0050  0.000000e+00
21.6550  0.0050  0.000000e+00
21.6650  0.0050  0.000000e+00
21.6750  0.0050  0.000000e+00
21.6850  0.0050  0.000000e+00
21.6950  0.0050  0.000000e+00
21.7050  0.0050  0.000000e+00
21.7150  0.0050  0.000000e+00
21.7250  0.0050  0.000000e+00
21.7350  0.0050  0.000000e+00
21.7450  0.0050  0.000000e+00
21.7550  0.0050  0.000000e+00
21.7650  0.0050  0.000000e+00
21.7750  0.0050  0.000000e+00
21.7850  0.0050  0.000000e+00
21.7950  0.0050  0.000000e+00
21.8050  0.0050  0.000000e+00
21.8150  0.0050  0.000000e+00
21.8250  0.0050  0.000000e+00
21.8350  0.0050  0.000000e+00
21.8450  0.0050  0.000000e+00
21.8550  0.0050  0.000000e+00
21.8650  0.0050  0.000000e+00
21.8750  0.0050  0.000000e+00
21.8850  0.0050  0.000000e+00
21.8950  0.0050  0.000000e+00
21.9050  0.0050  0.000000e+00
21.9150  0.0050  0.000000e+00
21.9250  0.0050  0.000000e+00
21.9350  0.0050  0.000000e+00
21.9450  0.0050  0.000000e+00
21.9550  0.0050  0.000000e+00
21.9650  0.0050  0.000000e+00
21.9750  0.0050  0.000000e+00
21.9850  0.0050  0.000000e+00
21.9950  0.0050  0.000000e+00
22.0050  0.0050  0.000000e+00
22.0150  0.0050  0.000000e+00
22.0250  0.0050  0.000000e+00
22.0350  0.0050  0.000000e+00
22.0450  0.0050  0.000000e+00
22.0550  0.0050  0.000000e+00
22.0650  0.0050  0.000000e+00
22.0750  0.0050  0.000000e+00
22.0850  0.0050  0.000000e+00
22.0950  0.0050  0.000000e+00
22.1050  0.0050  0.000000e+00
22.1150  0.0050  0.000000e+00
22.1250  0.0050  0.000000e+00
22.1350  0.0050  0.000000e+00
22.1450  0.0050  0.000000e+00
22.1550  0.0050  0.000000e+00
22.1650  0.0050  0.000000e+00
22.1750  0.0050  0.000000e+00
22.1850  0.0050  0.000000e+00
22.1950  0.0050  0.000000e+00
22.2050  0.0050  0.000000e+00
22.2150  0.0050  0.000000e+00
22.2250  0.0050  0.000000e+00
22.2350  0.0050  0.000000e+00
22.2450  0.0050  0.000000e+00
22.2550  0.0050  0.000000e+00
22.2650  0.0050  0.000000e+00
22.2750  0.0050  0.000000e+00
22.2850  0.0050  0.000000e+00
22.2950  0.0050  0.000000e+00
22.3050  0.0050  0.000000e+00
22.3150  0.0050  0.000000e+00
22.3250  0.0050  0.000000e+00
22.3350  0.0050  0.000000e+00
22.3450  0.0050  0.000000e+00
22.3550  0.0050  0.000000e+00
22.3650  0.0050  0.000000e+00
22.3750  0.0050  0.000000e+00
22.3850  0.0050  0.000000e+00
22.3950  0.0050  0.000000e+00
22.4050  0.0050  0.000000e+00
22.4150  0.0050  0.000000e+00
22.4250  0.0050  0.000000e+00
22.4350  0.0050  0.000000e+00
22.4450  0.0050  0.000000e+00
22.4550  0.0050  0.000000e+00
22.4650  0.0050  0.000000e+00
22.4750  0.0050  0.000000e+00
22.4850  0.0050  0.000000e+00
22.4950  0.0050  0.000000e+00
22.5050  0.0050  0.000000e+00
22.5150  0.0050  0.000000e+00
22.5250  0.0050  0.000000e+00
22.5350  0.0050  0.000000e+00
22.5450  0.0050  0.000000e+00
22.5550  0.0050  0.000000e+00
22.5650  0.0050  0.000000e+00
22.5750  0.0050  0.000000e+00
22.5850  0.0050  0.000000e+00
22.5950  0.0050  0.000000e+00
22.6050  0.0050  0.000000e+00
22.6150  0.0050  0.000000e+00
22.6250  0.0050  0.000000e+00
22.6350  0.0050  0.000000e+00
22.6450  0.0050  0.000000e+00
22.6550  0.0050  0.000000e+00
22.6650  0.0050  0.000000e+00
22.6750  0.0050  0.000000e+00
22.6850  0.0050  0.000000e+00
22.6950  0.0050  0.000000e+00
22.7050  0.0050  0.000000e+00
22.7150  0.0050  0.000000e+00
22.7250  0.0050  0.000000e+00
22.7350  0.0050  0.000000e+00
22.7450  0.0050  0.000000e+00
22.7550  0.0050  0.000000e+00
22.7650  0.0050  0.000000e+00
22.7750  0.0050  0.000000e+00
22.7850  0.0050  0.000000e+00
22.7950  0.0050  0.000000e+00
22.8050  0.0050  0.000000e+00
22.8150  0.0050  0.000000e+00
22.8250  0.0050  0.000000e+00
22.8350  0.0050  0.000000e+00
22.8450  0.0050  0.000000e+00
22.8550  0.0050  0.000000e+00
22.8650  0.0050  0.000000e+00
22.8750  0.0050  0.000000e+00
22.8850  0.0050  0.000000e+00
22.8950  0.0050  0.000000e+00
22.9050  0.0050  0.000000e+00
22.9150  0.0050  0.000000e+00
22.9250  0.0050  0.000000e+00
22.9350  0.0050  0.000000e+00
22.9450  0.0050  0.000000e+00
22.9550  0.0050  0.000000e+00
22.9650  0.0050  0.000000e+00
22.9750  0.0050  0.000000e+00
22.9850  0.0050  0.000000e+00
22.9950  0.0050  0.000000e+00
23.0050  0.0050  0.000000e+00
23.0150  0.0050  0.000000e+00
23.0250  0.0050  0.000000e+00
23.0350  0.0050  0.000000e+00
23.0450  0.0050  0.000000e+00
23.0550  0.0050  0.000000e+00
23.0650  0.0050  0.000000e+00
23.0750  0.0050  0.000000e+00
23.0850  0.0050  0.000000e+00
23.0950  0.0050  0.000000e+00
23.1050  0.0050  0.000000e+00
23.1150  0.0050  0.000000e+00
23.1250  0.0050  0.000000e+00
23.1350  0.0050  0.000000e+00
23.1450  0.0050  0.000000e+00
23.1550  0.0050  0.000000e+00
23.1650  0.0050  0.000000e+00
23.1750  0.0050  0.000000e+00
23.1850  0.0050  0.000000e+00
23.1950  0.0050  0.000000e+00
23.2050  0.0050  0.000000e+00
23.2150  0.0050  0.000000e+00
23.2250  0.0050  0.000000e+00
23.2350  0.0050  0.000000e+00
23.2450  0.0050  0.000000e+00
23.2550  0.0050  0.000000e+00
23.2650  0.0050  0.000000e+00
23.2750  0.0050  0.000000e+00
23.2850  0.0050  0.000000e+00
23.2950  0.0050  0.000000e+00
23.3050  0.0050  0.000000e+00
23.3150  0.0050  0.000000e+00
23.3250  0.0050  0.000000e+00
23.3350  0.0050  0.000000e+00
23.3450  0.0050  0.000000e+00
23.3550  0.0050  0.000000e+00
23.3650  0.0050  0.000000e+00
23.3750  0.0050  0.000000e+00
23.3850  0.0050  0.000000e+00
23.3950  0.0050  0.000000e+00
23.4050  0.0050  0.000000e+00
23.4150  0.0050  0.000000e+00
23.4250  0.0050  0.000000e+00
23.4350  0.0050  0.000000e+00
23.4450  0.0050  0.000000e+00
23.4550  0.0050  0.000000e+00
23.4650  0.0050  0.000000e+00
23.4750  0.0050  0.000000e+00
23.4850  0.0050  0.000000e+00
23.4950  0.0050  0.000000e+00
23.5050  0.0050  0.000000e+00
23.5150  0.0050  0.000000e+00
23.5250  0.0050  0.000000e+00
23.5350  0.0050  0.000000e+00
23.5450  0.0050  0.000000e+00
23.5550  0.0050  0.000000e+00
23.5650  0.0050  0.000000e+00
23.5750  0.0050  0.000000e+00
23.5850  0.0050  0.000000e+00
23.5950  0.0050  0.000000e+00
23.6050  0.0050  0.000000e+00
23.6150  0.0050  0.000000e+00
23.6250  0.0050  0.000000e+00
23.6350  0.0050  0.000000e+00
23.6450  0.0050  0.000000e+00
23.6550  0.0050  0.000000e+00
23.6650  0.0050  0.000000e+00
23.6750  0.0050  0.000000e+00
23.6850  0.0050  0.000000e+00
23.6950  0.0050  0.000000e+00
23.7050  0.0050  0.000000e+00
23.7150  0.0050  0.000000e+00
23.7250  0.0050  0.000000e+00
23.7350  0.0050  0.000000e+00
23.7450  0.0050  0.000000e+00
23.7550  0.0050  0.000000e+00
23.7650  0.0050  0.000000e+00
23.7750  0.0050  0.000000e+00
23.7850  0.0050  0.000000e+00
23.7950  0.0050  0.000000e+00
23.8050  0.0050  0.000000e+00
23.8150  0.0050  0.000000e+00
23.8250  0.0050  0.000000e+00
23.8350  0.0050  0.000000e+00
23.8450  0.0050  0.000000e+00
23.8550  0.0050  0.000000e+00
23.8650  0.0050  0.000000e+00
23.8750  0.0050  0.000000e+00
23.8850  0.0050  0.000000e+00
23.8950  0.0050  0.000000e+00
23.9050  0.0050  0.000000e+00
23.9150  0.0050  0.000000e+00
23.9250  0.0050  0.000000e+00
23.9350  0.0050  0.000000e+00
23.9450  0.0050  0.000000e+00
23.9550  0.0050  0.000000e+00
23.9650  0.0050  0.000000e+00
23.9750  0.0050  0.000000e+00
23.9850  0.0050  0.000000e+00
23.9950  0.0050  0.000000e+00
24.0050  0.0050  0.000000e+00
24.0150  0.0050  0.000000e+00
24.0250  0.0050  0.000000e+00
24.0350  0.0050  0.000000e+00
24.0450  0.0050  0.000000e+00
24.0550  0.0050  0.000000e+00
24.0650  0.0050  0.000000e+00
24.0750  0.0050  0.000000e+00
24.0850  0.0050  0.000000e+00
24.0950  0.0050  0.000000e+00
24.1050  0.0050  0.000000e+00
24.1150  0.0050  0.000000e+00
24.1250  0.0050  0.000000e+00
24.1350  0.0050  0.000000e+00
24.1450  0.0050  0.000000e+00
24.1550  0.0050  0.000000e+00
24.1650  0.0050  0.000000e+00
24.1750  0.0050  0.000000e+00
24.1850  0.0050  0.000000e+00
24.1950  0.0050  0.000000e+00
24.2050  0.0050  0.000000e+00
24.2150  0.0050  0.000000e+00
24.2250  0.0050  0.000000e+00
24.2350  0.0050  0.000000e+00
24.2450  0.0050  0.000000e+00
24.2550  0.0050  0.000000e+00
24.2650  0.0050  0.000000e+00
24.2750  0.0050  0.000000e+00
24.2850  0.0050  0.000000e+00
24.2950  0.0050  0.000000e+00
24.3050  0.0050  0.000000e+00
24.3150  0.0050  0.000000e+00
24.3250  0.0050  0.000000e+00
24.3350  0.0050  0.000000e+00
24.3450  0.0050  0.000000e+00
24.3550  0.0050  0.000000e+00
24.3650  0.0050  0.000000e+00
24.3750  0.0050  0.000000e+00
24.3850  0.0050  0.000000e+00
24.3950  0.0050  0.000000e+00
24.4050  0.0050  0.000000e+00
24.4150  0.0050  0.000000e+00
24.4250  0.0050  0.000000e+00
24.4350  0.0050  0.000000e+00
24.4450  0.0050  0.000000e+00
24.4550  0.0050  0.000000e+00
24.4650  0.0050  0.000000e+00
24.4750  0.0050  0.000000e+00
24.4850  0.0050  0.000000e+00
24.4950  0.0050  0.000000e+00
24.5050  0.0050  0.000000e+00
24.5150  0.0050  0.000000e+00
24.5250  0.0050  0.000000e+00
24.5350  0.0050  0.000000e+00
24.5450  0.0050  0.000000e+00
24.5550  0.0050  0.000000e+00
24.5650  0.0050  0.000000e+00
24.5750  0.0050  0.000000e+00
24.5850  0.0050  0.000000e+00
24.5950  0.0050  0.000000e+00
24.6050  0.0050  0.000000e+00
24.6150  0.0050  0.000000e+00
24.6250  0.0050  0.000000e+00
24.6350  0.0050  0.000000e+00
24.6450  0.0050  0.000000e+00
24.6550  0.0050  0.000000e+00
24.6650  0.0050  0.000000e+00
24.6750  0.0050  0.000000e+00
24.6850  0.0050  0.000000e+00
24.6950  0.0050  0.000000e+00
24.7050  0.0050  0.000000e+00
24.7150  0.0050  0.000000e+00
24.7250  0.0050  0.000000e+00
24.7350  0.0050  0.000000e+00
24.7450  0.0050  0.000000e+00
24.7550  0.0050  0.000000e+00
24.7650  0.0050  0.000000e+00
24.7750  0.0050  0.000000e+00
24.7850  0.0050  0.000000e+00
24.7950  0.0050  0.000000e+00
24.8050  0.0050  0.000000e+00
24.8150  0.0050  0.000000e+00
24.8250  0.0050  0.000000e+00
24.8350  0.0050  0.000000e+00
24.8450  0.0050  0.000000e+00
24.8550  0.0050  0.000000e+00
24.8650  0.0050  0.000000e+00
24.8750  0.0050  0.000000e+00
24.8850  0.0050  0.000000e+00
24.8950  0.0050  0.000000e+00
24.9050  0.0050  0.000000e+00
24.9150  0.0050  0.000000e+00
24.9250  0.0050  0.000000e+00
24.9350  0.0050  0.000000e+00
24.9450  0.0050  0.000000e+00
24.9550  0.0050  0.000000e+00
24.9650  0.0050  0.000000e+00
24.9750  0.0050  0.000000e+00
24.9850  0.0050  0.000000e+00
24.9950  0.0050  0.000000e+00
25.0050  0.0050  0.000000e+00
25.0150  0.0050  0.000000e+00
25.0250  0.0050  0.000000e+00
25.0350  0.0050  0.000000e+00
25.0450  0.0050  0.000000e+00
25.0550  0.0050  0.000000e+00
25.0650  0.0050  0.000000e+00
25.0750  0.0050  0.000000e+00
25.0850  0.0050  0.000000e+00
25.0950  0.0050  0.000000e+00
25.1050  0.0050  0.000000e+00
25.1150  0.0050  0.000000e+00
25.1250  0.0050  0.000000e+00
25.1350  0.0050  0.000000e+00
25.1450  0.0050  0.000000e+00
25.1550  0.0050  0.000000e+00
25.1650  0.0050  0.000000e+00
25.1750  0.0050  0.000000e+00
25.1850  0.0050  0.000000e+00
25.1950  0.0050  0.000000e+00
25.2050  0.0050  0.000000e+00
25.2150  0.0050  0.000000e+00
25.2250  0.0050  0.000000e+00
25.2350  0.0050  0.000000e+00
25.2450  0.0050  0.000000e+00
25.2550  0.0050  0.000000e+00
25.2650  0.0050  0.000000e+00
25.2750  0.0050  0.000000e+00
25.2850  0.0050  0.000000e+00
25.2950  0.0050  0.000000e+00
25.3050  0.0050  0.000000e+00
25.3150  0.0050  0.000000e+00
25.3250  0.0050  0.000000e+00
25.3350  0.0050  0.000000e+00
25.3450  0.0050  0.000000e+00
25.3550  0.0050  0.000000e+00
25.3650  0.0050  0.000000e+00
25.3750  0.0050  0.000000e+00
25.3850  0.0050  0.000000e+00
25.3950  0.0050  0.000000e+00
25.4050  0.0050  0.000000e+00
25.4150  0.0050  0.000000e+00
25.4250  0.0050  0.000000e+00
25.4350  0.0050  0.000000e+00
25.4450  0.0050  0.000000e+00
25.4550  0.0050  0.000000e+00
25.4650  0.0050  0.000000e+00
25.4750  0.0050  0.000000e+00
25.4850  0.0050  0.000000e+00
25.4950  0.0050  0.000000e+00
25.5050  0.0050  0.000000e+00
25.5150  0.0050  0.000000e+00
25.5250  0.0050  0.000000e+00
25.5350  0.0050  0.000000e+00
25.5450  0.0050  0.000000e+00
25.5550  0.0050  0.000000e+00
25.5650  0.0050  0.000000e+00
25.5750  0.0050  0.000000e+00
25.5850  0.0050  0.000000e+00
25.5950  0.0050  0.000000e+00
25.6050  0.0050  0.000000e+00
25.6150  0.0050  0.000000e+00
25.6250  0.0050  0.000000e+00
25.6350  0.0050  0.000000e+00
25.6450  0.0050  0.000000e+00
25.6550  0.0050  0.000000e+00
25.6650  0.0050  0.000000e+00
25.6750  0.0050  0.000000e+00
25.6850  0.0050  0.000000e+00
25.6950  0.0050  0.000000e+00
25.7050  0.0050  0.000000e+00
25.7150  0.0050  0.000000e+00
25.7250  0.0050  0.000000e+00
25.7350  0.0050  0.000000e+00
25.7450  0.0050  0.000000e+00
25.7550  0.0050  0.000000e+00
25.7650  0.0050  0.000000e+00
25.7750  0.0050  0.000000e+00
25.7850  0.0050  0.000000e+00
25.7950  0.0050  0.000000e+00
25.8050  0.0050  0.000000e+00
25.8150  0.0050  0.000000e+00
25.8250  0.0050  0.000000e+00
25.8350  0.0050  0.000000e+00
25.8450  0.0050  0.000000e+00
25.8550  0.0050  0.000000e+00
25.8650  0.0050  0.000000e+00
25.8750  0.0050  0.000000e+00
25.8850  0.0050  0.000000e+00
25.8950  0.0050  0.000000e+00
25.9050  0.0050  0.000000e+00
25.9150  0.0050  0.000000e+00
25.9250  0.0050  0.000000e+00
25.9350  0.0050  0.000000e+00
25.9450  0.0050  0.000000e+00
25.9550  0.0050  0.000000e+00
25.9650  0.0050  0.000000e+00
25.9750  0.0050  0.000000e+00
25.9850  0.0050  0.000000e+00
25.9950  0.0050  0.000000e+00
26.0050  0.0050  0.000000e+00
26.0150  0.0050  0.000000e+00
26.0250  0.0050  0.000000e+00
26.0350  0.0050  0.000000e+00
26.0450  0.0050  0.000000e+00
26.0550  0.0050  0.000000e+00
26.0650  0.0050  0.000000e+00
26.0750  0.0050  0.000000e+00
26.0850  0.0050  0.000000e+00
26.0950  0.0050  0.000000e+00
26.1050  0.0050  0.000000e+00
26.1150  0.0050  0.000000e+00
26.1250  0.0050  0.000000e+00
26.1350  0.0050  0.000000e+00
26.1450  0.0050  0.000000e+00
26.1550  0.0050  0.000000e+00
26.1650  0.0050  0.000000e+00
26.1750  0.0050  0.000000e+00
26.1850  0.0050  0.000000e+00
26.1950  0.0050  0.000000e+00
26.2050  0.0050  0.000000e+00
26.2150  0.0050  0.000000e+00
26.2250  0.0050  0.000000e+00
26.2350  0.0050  0.000000e+00
26.2450  0.0050  0.000000e+00
26.2550  0.0050  0.000000e+00
26.2650  0.0050  0.000000e+00
26.2750  0.0050  0.000000e+00
26.2850  0.0050  0.000000e+00
26.2950  0.0050  0.000000e+00
26.3050  0.0050  0.000000e+00
26.3150  0.0050  0.000000e+00
26.3250  0.0050  0.000000e+00
26.3350  0.0050  0.000000e+00
26.3450  0.0050  0.000000e+00
26.3550  0.0050  0.000000e+00
26.3650  0.0050  0.000000e+00
26.3750  0.0050  0.000000e+00
26.3850  0.0050  0.000000e+00
26.3950  0.0050  0.000000e+00
26.4050  0.0050  0.000000e+00
26.4150  0.0050  0.000000e+00
26.4250  0.0050  0.000000e+00
26.4350  0.0050  0.000000e+00
26.4450  0.0050  0.000000e+00
26.4550  0.0050  0.000000e+00
26.4650  0.0050  0.000000e+00
26.4750  0.0050  0.000000e+00
26.4850  0.0050  0.000000e+00
26.4950  0.0050  0.000000e+00
26.5050  0.0050  0.000000e+00
26.5150  0.0050  0.000000e+00
26.5250  0.0050  0.000000e+00
26.5350  0.0050  0.000000e+00
26.5450  0.0050  0.000000e+00
26.5550  0.0050  0.000000e+00
26.5650  0.0050  0.000000e+00
26.5750  0.0050  0.000000e+00
26.5850  0.0050  0.000000e+00
26.5950  0.0050  0.000000e+00
26.6050  0.0050  0.000000e+00
26.6150  0.0050  0.000000e+00
26.6250  0.0050  0.000000e+00
26.6350  0.0050  0.000000e+00
26.6450  0.0050  0.000000e+00
26.6550  0.0050  0.000000e+00
26.6650  0.0050  0.000000e+00
26.6750  0.0050  0.000000e+00
26.6850  0.0050  0.000000e+00
26.6950  0.0050  0.000000e+00
26.7050  0.0050  0.000000e+00
26.7150  0.0050  0.000000e+00
26.7250  0.0050  0.000000e+00
26.7350  0.0050  0.000000e+00
26.7450  0.0050  0.000000e+00
26.7550  0.0050  0.000000e+00
26.7650  0.0050  0.000000e+00
26.7750  0.0050  0.000000e+00
26.7850  0.0050  0.000000e+00
26.7950  0.0050  0.000000e+00
26.8050  0.0050  0.000000e+00
26.8150  0.0050  0.000000e+00
26.8250  0.0050  0.000000e+00
26.8350  0.0050  0.000000e+00
26.8450  0.0050  0.000000e+00
26.8550  0.0050  0.000000e+00
26.8650  0.0050  0.000000e+00
26.8750  0.0050  0.000000e+00
26.8850  0.0050  0.000000e+00
26.8950  0.0050  0.000000e+00
26.9050  0.0050  0.000000e+00
26.9150  0.0050  0.000000e+00
26.9250  0.0050  0.000000e+00
26.9350  0.0050  2.465070e+04
26.9450  0.0050  5.149966e+04
26.9550  0.0050  7.841347e+04
26.9650  0.0050  1.053474e+05
26.9750  0.0050  1.323462e+05
26.9850  0.0050  1.576827e+05
26.9950  0.0050  1.510914e+05
27.0050  0.0050  1.444878e+05
27.0150  0.0050  1.378717e+05
27.0250  0.0050  1.312433e+05
27.0350  0.0050  1.246022e+05
27.0450  0.0050  1.155069e+05
27.0550  0.0050  9.526599e+04
27.0650  0.0050  7.500943e+04
27.0750  0.0050  5.471519e+04
27.0850  0.0050  3.438327e+04
27.0950  0.0050  1.401358e+04
27.1050  0.0050  0.000000e+00
27.1150  0.0050  0.000000e+00
27.1250  0.0050  0.000000e+00
27.1350  0.0050  0.000000e+00
27.1450  0.0050  0.000000e+00
27.1550  0.0050  0.000000e+00
27.1650  0.0050  0.000000e+00
27.1750  0.0050  0.000000e+00
27.1850  0.0050  0.000000e+00
27.1950  0.0050  0.000000e+00
27.2050  0.0050  0.000000e+00
27.2150  0.0050  0.000000e+00
27.2250  0.0050  0.000000e+00
27.2350  0.0050  0.000000e+00
27.2450  0.0050  0.000000e+00
27.2550  0.0050  0.000000e+00
27.2650  0.0050  0.000000e+00
27.2750  0.0050  0.000000e+00
27.2850  0.0050  0.000000e+00
27.2950  0.0050  0.000000e+00
27.3050  0.0050  0.000000e+00
27.3150  0.0050  0.000000e+00
27.3250  0.0050  0.000000e+00
27.3350  0.0050  0.000000e+00
27.3450  0.0050  0.000000e+00
27.3550  0.0050  0.000000e+00
27.3650  0.0050  0.000000e+00
27.3750  0.0050  0.000000e+00
27.3850  0.0050  0.000000e+00
27.3950  0.0050  0.000000e+00
27.4050  0.0050  0.000000e+00
27.4150  0.0050  0.000000e+00
27.4250  0.0050  0.000000e+00
27.4350  0.0050  0.000000e+00
27.4450  0.0050  0.000000e+00
27.4550  0.0050  0.000000e+00
27.4650  0.0050  0.000000e+00
27.4750  0.0050  0.000000e+00
27.4850  0.0050  0.000000e+00
27.4950  0.0050  0.000000e+00
27.5050  0.0050  0.000000e+00
27.5150  0.0050  0.000000e+00
27.5250  0.0050  0.000000e+00
27.5350  0.0050  0.000000e+00
27.5450  0.0050  0.000000e+00
27.5550  0.0050  0.000000e+00
27.5650  0.0050  0.000000e+00
27.5750  0.0050  0.000000e+00
27.5850  0.0050  0.000000e+00
27.5950  0.0050  0.000000e+00
27.6050  0.0050  0.000000e+00
27.6150  0.0050  0.000000e+00
27.6250  0.0050  0.000000e+00
27.6350  0.0050  0.000000e+00
27.6450  0.0050  0.000000e+00
27.6550  0.0050  0.000000e+00
27.6650  0.0050  0.000000e+00
27.6750  0.0050  0.000000e+00
27.6850  0.0050  0.000000e+00
27.6950  0.0050  0.000000e+00
27.7050  0.0050  0.000000e+00
27.7150  0.0050  0.000000e+00
27.7250  0.0050  0.000000e+00
27.7350  0.0050  0.000000e+00
27.7450  0.0050  0.000000e+00
27.7550  0.0050  0.000000e+00
27.7650  0.0050  0.000000e+00
27.7750  0.0050  0.000000e+00
27.7850  0.0050  0.000000e+00
27.7950  0.0050  0.000000e+00
27.8050  0.0050  0.000000e+00
27.8150  0.0050  0.000000e+00
27.8250  0.0050  0.000000e+00
27.8350  0.0050  0.000000e+00
27.8450  0.0050  0.000000e+00
27.8550  0.0050  0.000000e+00
27.8650  0.0050  0.000000e+00
27.8750  0.0050  0.000000e+00
27.8850  0.0050  0.000000e+00
27.8950  0.0050  0.000000e+00
27.9050  0.0050  0.000000e+00
27.9150  0.0050  0.000000e+00
27.9250  0.0050  0.000000e+00
27.9350  0.0050  0.000000e+00
27.9450  0.0050  0.000000e+00
27.9550  0.0050  0.000000e+00
27.9650  0.0050  0.000000e+00
27.9750  0.0050  0.000000e+00
27.9850  0.0050  0.000000e+00
27.9950  0.0050  0.000000e+00
28.0050  0.0050  0.000000e+00
28.0150  0.0050  0.000000e+00
28.0250  0.0050  0.000000e+00
28.0350  0.0050  0.000000e+00
28.0450  0.0050  0.000000e+00
28.0550  0.0050  0.000000e+00
28.0650  0.0050  0.000000e+00
28.0750  0.0050  0.000000e+00
28.0850  0.0050  0.000000e+00
28.0950  0.0050  0.000000e+00
28.1050  0.0050  0.000000e+00
28.1150  0.0050  0.000000e+00
28.1250  0.0050  0.000000e+00
28.1350  0.0050  0.000000e+00
28.1450  0.0050  0.000000e+00
28.1550  0.0050  0.000000e+00
28.1650  0.0050  0.000000e+00
28.1750  0.0050  0.000000e+00
28.1850  0.0050  0.000000e+00
28.1950  0.0050  0.000000e+00
28.2050  0.0050  0.000000e+00
28.2150  0.0050  0.000000e+00
28.2250  0.0050  0.000000e+00
28.2350  0.0050  0.000000e+00
28.2450  0.0050  0.000000e+00
28.2550  0.0050  0.000000e+00
28.2650  0.0050  0.000000e+00
28.2750  0.0050  0.000000e+00
28.2850  0.0050  0.000000e+00
28.2950  0.0050  0.000000e+00
28.3050  0.0050  0.000000e+00
28.3150  0.0050  0.000000e+00
28.3250  0.0050  0.000000e+00
28.3350  0.0050  0.000000e+00
28.3450  0.0050  0.000000e+00
28.3550  0.0050  0.000000e+00
28.3650  0.0050  0.000000e+00
28.3750  0.0050  0.000000e+00
28.3850  0.0050  0.000000e+00
28.3950  0.0050  0.000000e+00
28.4050  0.0050  0.000000e+00
28.4150  0.0050  0.000000e+00
28.4250  0.0050  0.000000e+00
28.4350  0.0050  0.000000e+00
28.4450  0.0050  0.000000e+00
28.4550  0.0050  0.000000e+00
28.4650  0.0050  0.000000e+00
28.4750  0.0050  0.000000e+00
28.4850  0.0050  0.000000e+00
28.4950  0.0050  0.000000e+00
28.5050  0.0050  0.000000e+00
28.5150  0.0050  0.000000e+00
28.5250  0.0050  0.000000e+00
28.5350  0.0050  0.000000e+00
28.5450  0.0050  0.000000e+00
28.5550  0.0050  0.000000e+00
28.5650  0.0050  0.000000e+00
28.5750  0.0050  0.000000e+00
28.5850  0.0050  0.000000e+00
28.5950  0.0050  0.000000e+00
28.6050  0.0050  0.000000e+00
28.6150  0.0050  0.000000e+00
28.6250  0.0050  0.000000e+00
28.6350  0.0050  0.000000e+00
28.6450  0.0050  0.000000e+00
28.6550  0.0050  0.000000e+00
28.6650  0.0050  0.000000e+00
28.6750  0.0050  0.000000e+00
28.6850  0.0050  0.000000e+00
28.6950  0.0050  0.000000e+00
28.7050  0.0050  0.000000e+00
28.7150  0.0050  0.000000e+00
28.7250  0.0050  0.000000e+00
28.7350  0.0050  0.000000e+00
28.7450  0.0050  0.000000e+00
28.7550  0.0050  0.000000e+00
28.7650  0.0050  0.000000e+00
28.7750  0.0050  0.000000e+00
28.7850  0.0050  0.000000e+00
28.7950  0.0050  0.000000e+00
28.8050  0.0050  0.000000e+00
28.8150  0.0050  0.000000e+00
28.8250  0.0050  0.000000e+00
28.8350  0.0050  0.000000e+00
28.8450  0.0050  0.000000e+00
28.8550  0.0050  0.000000e+00
28.8650  0.0050  0.000000e+00
28.8750  0.0050  0.000000e+00
28.8850  0.0050  0.000000e+00
28.8950  0.0050  0.000000e+00
28.9050  0.0050  0.000000e+00
28.9150  0.0050  0.000000e+00
28.9250  0.0050  0.000000e+00
28.9350  0.0050  0.000000e+00
28.9450  0.0050  0.000000e+00
28.9550  0.0050  0.000000e+00
28.9650  0.0050  0.000000e+00
28.9750  0.0050  0.000000e+00
28.9850  0.0050  0.000000e+00
28.9950  0.0050  0.000000e+00
29.0050  0.0050  0.000000e+00
29.0150  0.0050  0.000000e+00
29.0250  0.0050  0.000000e+00
29.0350  0.0050  0.000000e+00
29.0450  0.0050  0.000000e+00
29.0550  0.0050  0.000000e+00
29.0650  0.0050  0.000000e+00
29.0750  0.0050  0.000000e+00
29.0850  0.0050  0.000000e+00
29.0950  0.0050  0.000000e+00
29.1050  0.0050  0.000000e+00
29.1150  0.0050  0.000000e+00
29.1250  0.0050  0.000000e+00
29.1350  0.0050  0.000000e+00
29.1450  0.0050  0.000000e+00
29.1550  0.0050  0.000000e+00
29.1650  0.0050  0.000000e+00
29.1750  0.0050  0.000000e+00
29.1850  0.0050  0.000000e+00
29.1950  0.0050  0.000000e+00
29.2050  0.0050  0.000000e+00
29.2150  0.0050  0.000000e+00
29.2250  0.0050  0.000000e+00
29.2350  0.0050  0.000000e+00
29.2450  0.0050  0.000000e+00
29.2550  0.0050  0.000000e+00
29.2650  0.0050  0.000000e+00
29.2750  0.0050  0.000000e+00
29.2850  0.0050  0.000000e+00
29.2950  0.0050  0.000000e+00
29.3050  0.0050  0.000000e+00
29.3150  0.0050  0.000000e+00
29.3250  0.0050  0.000000e+00
29.3350  0.0050  0.000000e+00
29.3450  0.0050  0.000000e+00
29.3550  0.0050  0.000000e+00
29.3650  0.0050  0.000000e+00
29.3750  0.0050  0.000000e+00
29.3850  0.0050  0.000000e+00
29.3950  0.0050  0.000000e+00
29.4050  0.0050  0.000000e+00
29.4150  0.0050  0.000000e+00
29.4250  0.0050  0.000000e+00
29.4350  0.0050  0.000000e+00
29.4450  0.0050  0.000000e+00
29.4550  0.0050  0.000000e+00
29.4650  0.0050  0.000000e+00
29.4750  0.0050  0.000000e+00
29.4850  0.0050  0.000000e+00
29.4950  0.0050  0.000000e+00
29.5050  0.0050  0.000000e+00
29.5150  0.0050  0.000000e+00
29.5250  0.0050  0.000000e+00
29.5350  0.0050  0.000000e+00
29.5450  0.0050  0.000000e+00
29.5550  0.0050  0.000000e+00
29.5650  0.0050  0.000000e+00
29.5750  0.0050  0.000000e+00
29.5850  0.0050  0.000000e+00
29.5950  0.0050  0.000000e+00
29.6050  0.0050  0.000000e+00
29.6150  0.0050  0.000000e+00
29.6250  0.0050  0.000000e+00
29.6350  0.0050  0.000000e+00
29.6450  0.0050  0.000000e+00
29.6550  0.0050  0.000000e+00
29.6650  0.0050  0.000000e+00
29.6750  0.0050  0.000000e+00
29.6850  0.0050  0.000000e+00
29.6950  0.0050  0.000000e+00
29.7050  0.0050  0.000000e+00
29.7150  0.0050  0.000000e+00
29.7250  0.0050  0.000000e+00
29.7350  0.0050  0.000000e+00
29.7450  0.0050  0.000000e+00
29.7550  0.0050  0.000000e+00
29.7650  0.0050  0.000000e+00
29.7750  0.0050  0.000000e+00
29.7850  0.0050  0.000000e+00
29.7950  0.0050  0.000000e+00
29.8050  0.0050  0.000000e+00
29.8150  0.0050  0.000000e+00
29.8250  0.0050  0.000000e+00
29.8350  0.0050  0.000000e+00
29.8450  0.0050  0.000000e+00
29.8550  0.0050  0.000000e+00
29.8650  0.0050  0.000000e+00
29.8750  0.0050  0.000000e+00
29.8850  0.0050  0.000000e+00
29.8950  0.0050  0.000000e+00
29.9050  0.0050  0.000000e+00
29.9150  0.0050  0.000000e+00
29.9250  0.0050  0.000000e+00
29.9350  0.0050  0.000000e+00
29.9450  0.0050  0.000000e+00
29.9550  0.0050  0.000000e+00
29.9650  0.0050  0.000000e+00
29.9750  0.0050  0.000000e+00
29.9850  0.0050  0.000000e+00
29.9950  0.0050  0.000000e+00
30.0050  0.0050  0.000000e+00
30.0150  0.0050  0.000000e+00
30.0250  0.0050  0.000000e+00
30.0350  0.0050  0.000000e+00
30.0450  0.0050  0.000000e+00
30.0550  0.0050  0.000000e+00
30.0650  0.0050  0.000000e+00
30.0750  0.0050  0.000000e+00
30.0850  0.0050  0.000000e+00
30.0950  0.0050  0.000000e+00
