0.1050  0.0050  0.000000e+00
0.1150  0.0050  0.000000e+00
0.1250  0.0050  0.000000e+00
0.1350  0.0050  0.000000e+00
0.1450  0.0050  0.000000e+00
0.1550  0.0050  0.000000e+00
0.1650  0.0050  1.797693e+308
0.1750  0.0050  1.797693e+308
0.1850  0.0050  1.797693e+308
0.1950  0.0050  1.797693e+308
0.2050  0.0050  1.797693e+308
0.2150  0.0050  1.797693e+308
0.2250  0.0050  2.251090e+42
0.2350  0.0050  9.182877e+37
0.2450  0.0050  1.584665e+34
0.2550  0.0050  9.568527e+30
0.2650  0.0050  1.652640e+28
0.2750  0.0050  6.867718e+25
0.2850  0.0050  6.059408e+23
0.2950  0.0050  1.010580e+22
0.3050  0.0050  2.814648e+20
0.3150  0.0050  1.213235e+19
0.3250  0.0050  7.596123e+17
0.3350  0.0050  6.551707e+16
0.3450  0.0050  8.251096e+15
0.3550  0.0050  1.385018e+15
0.3650  0.0050  2.752808e+14
0.3750  0.0050  6.393109e+13
0.3850  0.0050  1.709000e+13
0.3950  0.0050  5.182244e+12
0.4050  0.0050  1.955043e+12
0.4150  0.0050  8.286997e+11
0.4250  0.0050  3.725123e+11
0.4350  0.0050  1.777797e+11
0.4450  0.0050  8.987476e+10
0.4550  0.0050  4.795689e+10
0.4650  0.0050  2.550156e+10
0.4750  0.0050  1.410082e+10
0.4850  0.0050  8.189107e+09
0.4950  0.0050  4.970883e+09
0.5050  0.0050  3.140243e+09
0.5150  0.0050  2.056710e+09
0.5250  0.0050  1.428703e+09
0.5350  0.0050  1.022488e+09
0.5450  0.0050  7.502813e+08
0.5550  0.0050  5.632382e+08
0.5650  0.0050  4.317355e+08
0.5750  0.0050  3.379043e+08
0.5850  0.0050  2.778080e+08
0.5950  0.0050  2.312516e+08
0.6050  0.0050  1.947635e+08
0.6150  0.0050  1.658425e+08
0.6250  0.0050  1.426748e+08
0.6350  0.0050  1.260111e+08
0.6450  0.0050  1.199681e+08
0.6550  0.0050  1.136308e+08
0.6650  0.0050  1.073614e+08
0.6750  0.0050  1.013570e+08
0.6850  0.0050  9.571995e+07
0.6950  0.0050  9.075012e+07
0.7050  0.0050  8.663656e+07
0.7150  0.0050  8.276919e+07
0.7250  0.0050  7.916655e+07
0.7350  0.0050  7.582893e+07
0.7450  0.0050  7.274955e+07
0.7550  0.0050  7.018685e+07
0.7650  0.0050  6.811774e+07
0.7750  0.0050  6.617145e+07
0.7850  0.0050  6.434883e+07
0.7950  0.0050  6.264916e+07
0.8050  0.0050  6.106723e+07
0.8150  0.0050  5.862072e+07
0.8250  0.0050  5.573278e+07
0.8350  0.0050  5.314100e+07
0.8450  0.0050  5.080762e+07
0.8550  0.0050  4.870185e+07
0.8650  0.0050  4.679565e+07
0.8750  0.0050  4.566548e+07
0.8850  0.0050  4.486966e+07
0.8950  0.0050  4.413743e+07
0.9050  0.0050  4.346373e+07
0.9150  0.0050  4.284492e+07
0.9250  0.0050  4.227621e+07
0.9350  0.0050  4.139636e+07
0.9450  0.0050  4.052039e+07
0.9550  0.0050  3.971465e+07
0.9650  0.0050  3.897266e+07
0.9750  0.0050  3.828952e+07
0.9850  0.0050  3.765959e+07
0.9950  0.0050  3.687150e+07
1.0050  0.0050  3.613434e+07
1.0150  0.0050  3.545051e+07
1.0250  0.0050  3.481562e+07
1.0350  0.0050  3.422570e+07
1.0450  0.0050  3.364772e+07
1.0550  0.0050  3.284482e+07
1.0650  0.0050  3.209121e+07
1.0750  0.0050  3.138414e+07
1.0850  0.0050  3.071888e+07
1.0950  0.0050  3.009263e+07
1.1050  0.0050  2.951888e+07
1.1150  0.0050  2.903207e+07
1.1250  0.0050  2.857353e+07
1.1350  0.0050  2.814127e+07
1.1450  0.0050  2.773350e+07
1.1550  0.0050  2.734857e+07
1.1650  0.0050  2.683475e+07
1.1750  0.0050  2.608342e+07
1.1850  0.0050  2.536362e+07
1.1950  0.0050  2.467411e+07
1.2050  0.0050  2.401205e+07
1.2150  0.0050  2.337592e+07
1.2250  0.0050  2.287858e+07
1.2350  0.0050  2.251782e+07
1.2450  0.0050  2.217233e+07
1.2550  0.0050  2.184123e+07
1.2650  0.0050  2.152366e+07
1.2750  0.0050  2.121885e+07
1.2850  0.0050  2.109667e+07
1.2950  0.0050  2.108431e+07
1.3050  0.0050  2.107677e+07
1.3150  0.0050  2.107356e+07
1.3250  0.0050  2.107523e+07
1.3350  0.0050  2.108083e+07
1.3450  0.0050  2.105991e+07
1.3550  0.0050  2.103350e+07
1.3650  0.0050  2.101147e+07
1.3750  0.0050  2.099362e+07
1.3850  0.0050  2.097978e+07
1.3950  0.0050  2.096976e+07
1.4050  0.0050  2.100585e+07
1.4150  0.0050  2.105025e+07
1.4250  0.0050  2.109727e+07
1.4350  0.0050  2.114656e+07
1.4450  0.0050  2.119878e+07
1.4550  0.0050  2.125679e+07
1.4650  0.0050  2.154812e+07
1.4750  0.0050  2.183842e+07
1.4850  0.0050  2.212776e+07
1.4950  0.0050  2.241622e+07
1.5050  0.0050  2.270238e+07
1.5150  0.0050  2.299730e+07
1.5250  0.0050  2.335469e+07
1.5350  0.0050  2.371064e+07
1.5450  0.0050  2.406525e+07
1.5550  0.0050  2.441860e+07
1.5650  0.0050  2.477047e+07
1.5750  0.0050  2.509037e+07
1.5850  0.0050  2.532795e+07
1.5950  0.0050  2.556571e+07
1.6050  0.0050  2.580368e+07
1.6150  0.0050  2.604185e+07
1.6250  0.0050  2.628025e+07
1.6350  0.0050  2.608564e+07
1.6450  0.0050  2.527197e+07
1.6550  0.0050  2.446776e+07
1.6650  0.0050  2.367261e+07
1.6750  0.0050  2.288617e+07
1.6850  0.0050  2.210783e+07
1.6950  0.0050  2.159147e+07
1.7050  0.0050  2.129553e+07
1.7150  0.0050  2.100348e+07
1.7250  0.0050  2.071517e+07
1.7350  0.0050  2.043047e+07
1.7450  0.0050  2.014923e+07
1.7550  0.0050  1.982337e+07
1.7650  0.0050  1.947764e+07
1.7750  0.0050  1.913549e+07
1.7850  0.0050  1.879679e+07
1.7950  0.0050  1.846141e+07
1.8050  0.0050  1.812924e+07
1.8150  0.0050  1.791120e+07
1.8250  0.0050  1.772323e+07
1.8350  0.0050  1.753713e+07
1.8450  0.0050  1.920566e+07
1.8550  0.0050  1.898801e+07
1.8650  0.0050  1.877302e+07
1.8750  0.0050  1.809807e+07
1.8850  0.0050  1.739590e+07
1.8950  0.0050  1.669941e+07
1.9050  0.0050  1.600840e+07
1.9150  0.0050  1.532270e+07
1.9250  0.0050  1.466470e+07
1.9350  0.0050  1.433711e+07
1.9450  0.0050  1.401257e+07
1.9550  0.0050  1.369047e+07
1.9650  0.0050  1.337091e+07
1.9750  0.0050  1.305380e+07
1.9850  0.0050  1.272341e+07
1.9950  0.0050  1.233119e+07
2.0050  0.0050  1.193883e+07
2.0150  0.0050  1.154664e+07
2.0250  0.0050  1.115746e+07
2.0350  0.0050  1.077120e+07
2.0450  0.0050  1.046172e+07
2.0550  0.0050  1.030646e+07
2.0650  0.0050  1.015256e+07
2.0750  0.0050  9.999988e+06
2.0850  0.0050  9.848704e+06
2.0950  0.0050  9.698668e+06
2.1050  0.0050  9.554181e+06
2.1150  0.0050  9.415969e+06
2.1250  0.0050  9.278629e+06
2.1350  0.0050  9.142794e+06
2.1450  0.0050  9.007769e+06
2.1550  0.0050  8.873746e+06
2.1650  0.0050  8.798401e+06
2.1750  0.0050  8.763899e+06
2.1850  0.0050  8.729869e+06
2.1950  0.0050  8.696302e+06
2.2050  0.0050  8.663182e+06
2.2150  0.0050  8.630499e+06
2.2250  0.0050  8.550732e+06
2.2350  0.0050  8.453156e+06
2.2450  0.0050  8.356256e+06
2.2550  0.0050  8.260009e+06
2.2650  0.0050  8.164403e+06
2.2750  0.0050  8.069417e+06
2.2850  0.0050  8.207304e+06
2.2950  0.0050  8.385404e+06
2.3050  0.0050  8.563071e+06
2.3150  0.0050  8.740319e+06
2.3250  0.0050  8.917158e+06
2.3350  0.0050  9.093603e+06
2.3450  0.0050  9.341840e+06
2.3550  0.0050  9.590747e+06
2.3650  0.0050  9.839050e+06
2.3750  0.0050  1.008652e+07
2.3850  0.0050  1.033391e+07
2.3950  0.0050  1.057627e+07
2.4050  0.0050  1.078521e+07
2.4150  0.0050  1.099374e+07
2.4250  0.0050  1.120187e+07
2.4350  0.0050  1.140962e+07
2.4450  0.0050  1.161699e+07
2.4550  0.0050  1.182868e+07
2.4650  0.0050  1.205445e+07
2.4750  0.0050  1.227982e+07
2.4850  0.0050  1.250480e+07
2.4950  0.0050  1.272941e+07
2.5050  0.0050  1.295366e+07
2.5150  0.0050  1.298647e+07
2.5250  0.0050  1.270241e+07
2.5350  0.0050  1.241932e+07
2.5450  0.0050  1.213717e+07
2.5550  0.0050  1.185594e+07
2.5650  0.0050  1.157562e+07
2.5750  0.0050  1.116019e+07
2.5850  0.0050  1.061380e+07
2.5950  0.0050  1.006888e+07
2.6050  0.0050  9.525386e+06
2.6150  0.0050  8.983298e+06
2.6250  0.0050  8.442378e+06
2.6350  0.0050  8.131984e+06
2.6450  0.0050  7.951887e+06
2.6550  0.0050  7.772297e+06
2.6650  0.0050  7.593204e+06
2.6750  0.0050  7.414596e+06
2.6850  0.0050  7.236462e+06
2.6950  0.0050  7.012564e+06
2.7050  0.0050  6.775346e+06
2.7150  0.0050  6.538690e+06
2.7250  0.0050  6.302584e+06
2.7350  0.0050  6.067015e+06
2.7450  0.0050  5.831971e+06
2.7550  0.0050  5.722965e+06
2.7650  0.0050  5.628134e+06
2.7750  0.0050  5.533544e+06
2.7850  0.0050  5.439190e+06
2.7950  0.0050  5.345066e+06
2.8050  0.0050  5.248063e+06
2.8150  0.0050  5.055320e+06
2.8250  0.0050  4.862962e+06
2.8350  0.0050  4.670979e+06
2.8450  0.0050  4.479364e+06
2.8550  0.0050  4.288111e+06
2.8650  0.0050  4.104995e+06
2.8750  0.0050  3.962223e+06
2.8850  0.0050  3.819904e+06
2.8950  0.0050  3.677749e+06
2.9050  0.0050  3.535848e+06
2.9150  0.0050  3.394194e+06
2.9250  0.0050  3.292731e+06
2.9350  0.0050  3.287518e+06
2.9450  0.0050  3.282342e+06
2.9550  0.0050  3.277203e+06
2.9650  0.0050  3.272099e+06
2.9750  0.0050  3.267031e+06
2.9850  0.0050  3.245980e+06
2.9950  0.0050  3.203297e+06
3.0050  0.0050  3.160676e+06
3.0150  0.0050  3.118116e+06
3.0250  0.0050  3.075638e+06
3.0350  0.0050  3.033242e+06
3.0450  0.0050  3.013351e+06
3.0550  0.0050  3.011424e+06
3.0650  0.0050  3.009522e+06
3.0750  0.0050  3.007646e+06
3.0850  0.0050  3.005795e+06
3.0950  0.0050  3.003968e+06
3.1050  0.0050  2.951697e+06
3.1150  0.0050  2.876518e+06
3.1250  0.0050  2.801381e+06
3.1350  0.0050  2.726484e+06
3.1450  0.0050  2.651625e+06
3.1550  0.0050  2.576869e+06
3.1650  0.0050  2.562108e+06
3.1750  0.0050  2.560699e+06
3.1850  0.0050  2.559307e+06
3.1950  0.0050  2.557934e+06
3.2050  0.0050  2.556578e+06
3.2150  0.0050  2.555238e+06
3.2250  0.0050  2.519934e+06
3.2350  0.0050  2.482859e+06
3.2450  0.0050  2.445837e+06
3.2550  0.0050  2.408866e+06
3.2650  0.0050  2.371945e+06
3.2750  0.0050  2.337168e+06
3.2850  0.0050  2.326432e+06
3.2950  0.0050  2.315719e+06
3.3050  0.0050  2.305028e+06
3.3150  0.0050  2.294360e+06
3.3250  0.0050  2.283713e+06
3.3350  0.0050  2.279747e+06
3.3450  0.0050  2.300631e+06
3.3550  0.0050  2.321508e+06
3.3650  0.0050  2.342379e+06
3.3750  0.0050  2.363186e+06
3.3850  0.0050  2.384100e+06
3.3950  0.0050  2.422262e+06
3.4050  0.0050  2.493629e+06
3.4150  0.0050  2.564947e+06
3.4250  0.0050  2.636218e+06
3.4350  0.0050  2.707444e+06
3.4450  0.0050  2.778624e+06
3.4550  0.0050  2.834268e+06
3.4650  0.0050  2.872670e+06
3.4750  0.0050  2.911053e+06
3.4850  0.0050  2.949419e+06
3.4950  0.0050  2.987767e+06
3.5050  0.0050  3.026100e+06
3.5150  0.0050  3.041392e+06
3.5250  0.0050  3.041640e+06
3.5350  0.0050  3.041899e+06
3.5450  0.0050  3.042170e+06
3.5550  0.0050  3.042452e+06
3.5650  0.0050  3.042745e+06
3.5750  0.0050  2.980149e+06
3.5850  0.0050  2.895030e+06
3.5950  0.0050  2.809979e+06
3.6050  0.0050  2.724997e+06
3.6150  0.0050  2.640079e+06
3.6250  0.0050  2.555166e+06
3.6350  0.0050  2.529138e+06
3.6450  0.0050  2.512082e+06
3.6550  0.0050  2.495045e+06
3.6650  0.0050  2.478027e+06
3.6750  0.0050  2.461028e+06
3.6850  0.0050  2.444047e+06
3.6950  0.0050  2.377170e+06
3.7050  0.0050  2.310244e+06
3.7150  0.0050  2.243365e+06
3.7250  0.0050  2.176532e+06
3.7350  0.0050  2.109744e+06
3.7450  0.0050  2.040387e+06
3.7550  0.0050  1.953451e+06
3.7650  0.0050  1.866570e+06
3.7750  0.0050  1.779742e+06
3.7850  0.0050  1.692968e+06
3.7950  0.0050  1.606246e+06
3.8050  0.0050  1.536059e+06
3.8150  0.0050  1.512747e+06
3.8250  0.0050  1.489451e+06
3.8350  0.0050  1.466172e+06
3.8450  0.0050  1.442908e+06
3.8550  0.0050  1.419661e+06
3.8650  0.0050  1.406433e+06
3.8750  0.0050  1.408734e+06
3.8850  0.0050  1.411104e+06
3.8950  0.0050  1.413444e+06
3.9050  0.0050  1.415785e+06
3.9150  0.0050  1.418129e+06
3.9250  0.0050  1.385380e+06
3.9350  0.0050  1.320587e+06
3.9450  0.0050  1.255828e+06
3.9550  0.0050  1.191102e+06
3.9650  0.0050  1.126408e+06
3.9750  0.0050  1.061747e+06
3.9850  0.0050  1.049725e+06
3.9950  0.0050  1.065583e+06
4.0050  0.0050  1.081410e+06
4.0150  0.0050  1.097309e+06
4.0250  0.0050  1.113098e+06
4.0350  0.0050  1.128989e+06
4.0450  0.0050  1.109024e+06
4.0550  0.0050  1.079374e+06
4.0650  0.0050  1.049635e+06
4.0750  0.0050  1.020010e+06
4.0850  0.0050  9.903032e+05
4.0950  0.0050  9.607045e+05
4.1050  0.0050  9.861700e+05
4.1150  0.0050  1.016787e+06
4.1250  0.0050  1.047296e+06
4.1350  0.0050  1.077895e+06
4.1450  0.0050  1.108382e+06
4.1550  0.0050  1.135825e+06
4.1650  0.0050  1.099470e+06
4.1750  0.0050  1.063236e+06
4.1850  0.0050  1.026916e+06
4.1950  0.0050  9.907097e+05
4.2050  0.0050  9.544239e+05
4.2150  0.0050  9.184818e+05
4.2250  0.0050  8.835640e+05
4.2350  0.0050  8.487444e+05
4.2450  0.0050  8.138578e+05
4.2550  0.0050  7.790253e+05
4.2650  0.0050  7.442419e+05
4.2750  0.0050  7.246588e+05
4.2850  0.0050  7.392379e+05
4.2950  0.0050  7.537425e+05
4.3050  0.0050  7.683153e+05
4.3150  0.0050  7.828112e+05
4.3250  0.0050  7.973779e+05
4.3350  0.0050  8.159717e+05
4.3450  0.0050  8.398576e+05
4.3550  0.0050  8.636571e+05
4.3650  0.0050  8.875324e+05
4.3750  0.0050  9.113167e+05
4.3850  0.0050  9.351817e+05
4.3950  0.0050  9.300475e+05
4.4050  0.0050  9.033293e+05
4.4150  0.0050  8.765343e+05
4.4250  0.0050  8.498321e+05
4.4350  0.0050  8.230583e+05
4.4450  0.0050  7.963719e+05
4.4550  0.0050  7.761587e+05
4.4650  0.0050  7.587952e+05
4.4750  0.0050  7.413654e+05
4.4850  0.0050  7.240123e+05
4.4950  0.0050  7.065959e+05
4.5050  0.0050  6.892199e+05
4.5150  0.0050  7.150850e+05
4.5250  0.0050  7.494944e+05
4.5350  0.0050  7.839666e+05
4.5450  0.0050  8.183556e+05
4.5550  0.0050  8.528141e+05
4.5650  0.0050  8.871830e+05
4.5750  0.0050  8.537374e+05
4.5850  0.0050  8.177417e+05
4.5950  0.0050  7.818345e+05
4.6050  0.0050  7.458628e+05
4.6150  0.0050  7.099724e+05
4.6250  0.0050  6.803856e+05
4.6350  0.0050  7.108462e+05
4.6450  0.0050  7.412322e+05
4.6550  0.0050  7.716820e+05
4.6650  0.0050  8.020514e+05
4.6750  0.0050  8.324909e+05
4.6850  0.0050  8.432813e+05
4.6950  0.0050  7.875395e+05
4.7050  0.0050  7.317368e+05
4.7150  0.0050  6.760178e+05
4.7250  0.0050  6.202482e+05
4.7350  0.0050  5.645513e+05
4.7450  0.0050  5.429759e+05
4.7550  0.0050  5.826559e+05
4.7650  0.0050  6.223571e+05
4.7750  0.0050  6.619905e+05
4.7850  0.0050  7.016787e+05
4.7950  0.0050  7.412920e+05
4.8050  0.0050  7.537610e+05
4.8150  0.0050  7.377568e+05
4.8250  0.0050  7.218270e+05
4.8350  0.0050  7.058324e+05
4.8450  0.0050  6.899092e+05
4.8550  0.0050  6.739241e+05
4.8650  0.0050  6.588280e+05
4.8750  0.0050  6.441752e+05
4.8850  0.0050  6.295873e+05
4.8950  0.0050  6.149428e+05
4.9050  0.0050  6.003605e+05
4.9150  0.0050  5.857244e+05
4.9250  0.0050  5.771099e+05
4.9350  0.0050  5.704143e+05
4.9450  0.0050  5.637748e+05
4.9550  0.0050  5.570832e+05
4.9650  0.0050  5.504465e+05
4.9750  0.0050  5.437591e+05
4.9850  0.0050  5.266271e+05
4.9950  0.0050  5.080520e+05
5.0050  0.0050  4.895060e+05
5.0150  0.0050  4.709862e+05
5.0250  0.0050  4.524252e+05
5.0350  0.0050  4.341826e+05
5.0450  0.0050  4.354435e+05
5.0550  0.0050  4.367459e+05
5.0650  0.0050  4.380067e+05
5.0750  0.0050  4.393094e+05
5.0850  0.0050  4.405702e+05
5.0950  0.0050  4.393876e+05
5.1050  0.0050  4.234869e+05
5.1150  0.0050  4.076297e+05
5.1250  0.0050  3.917365e+05
5.1350  0.0050  3.758836e+05
5.1450  0.0050  3.599978e+05
5.1550  0.0050  3.517959e+05
5.1650  0.0050  3.636254e+05
5.1750  0.0050  3.754878e+05
5.1850  0.0050  3.873127e+05
5.1950  0.0050  3.991728e+05
5.2050  0.0050  4.109932e+05
5.2150  0.0050  4.072812e+05
5.2250  0.0050  3.808529e+05
5.2350  0.0050  3.544652e+05
5.2450  0.0050  3.280480e+05
5.2550  0.0050  3.016521e+05
5.2650  0.0050  2.752735e+05
5.2750  0.0050  2.822180e+05
5.2850  0.0050  3.178041e+05
5.2950  0.0050  3.533546e+05
5.3050  0.0050  3.889338e+05
5.3150  0.0050  4.244707e+05
5.3250  0.0050  4.600432e+05
5.3350  0.0050  4.646992e+05
5.3450  0.0050  4.541460e+05
5.3550  0.0050  4.435514e+05
5.3650  0.0050  4.330007e+05
5.3750  0.0050  4.224105e+05
5.3850  0.0050  4.118623e+05
5.3950  0.0050  4.044393e+05
5.4050  0.0050  3.978448e+05
5.4150  0.0050  3.912135e+05
5.4250  0.0050  3.846206e+05
5.4350  0.0050  3.779921e+05
5.4450  0.0050  3.714007e+05
5.4550  0.0050  3.672279e+05
5.4650  0.0050  3.632713e+05
5.4750  0.0050  3.592806e+05
5.4850  0.0050  3.553249e+05
5.4950  0.0050  3.513360e+05
5.5050  0.0050  3.474471e+05
5.5150  0.0050  3.448091e+05
5.5250  0.0050  3.421387e+05
5.5350  0.0050  3.395013e+05
5.5450  0.0050  3.368321e+05
5.5550  0.0050  3.341955e+05
5.5650  0.0050  3.317824e+05
5.5750  0.0050  3.304622e+05
5.5850  0.0050  3.291107e+05
5.5950  0.0050  3.277910e+05
5.6050  0.0050  3.264403e+05
5.6150  0.0050  3.251210e+05
5.6250  0.0050  3.207802e+05
5.6350  0.0050  3.102548e+05
5.6450  0.0050  2.997011e+05
5.6550  0.0050  2.891774e+05
5.6650  0.0050  2.786275e+05
5.6750  0.0050  2.681055e+05
5.6850  0.0050  2.629547e+05
5.6950  0.0050  2.642672e+05
5.7050  0.0050  2.655544e+05
5.7150  0.0050  2.668669e+05
5.7250  0.0050  2.681539e+05
5.7350  0.0050  2.694665e+05
5.7450  0.0050  2.715249e+05
5.7550  0.0050  2.741387e+05
5.7650  0.0050  2.767656e+05
5.7750  0.0050  2.793659e+05
5.7850  0.0050  2.819926e+05
5.7950  0.0050  2.845923e+05
5.8050  0.0050  2.919374e+05
5.8150  0.0050  3.011054e+05
5.8250  0.0050  3.103012e+05
5.8350  0.0050  3.194665e+05
5.8450  0.0050  3.286615e+05
5.8550  0.0050  3.378243e+05
5.8650  0.0050  3.302838e+05
5.8750  0.0050  3.197438e+05
5.8850  0.0050  3.092355e+05
5.8950  0.0050  2.986989e+05
5.9050  0.0050  2.881919e+05
5.9150  0.0050  2.776585e+05
5.9250  0.0050  2.851777e+05
5.9350  0.0050  2.930289e+05
5.9450  0.0050  3.009073e+05
5.9550  0.0050  3.087564e+05
5.9650  0.0050  3.166343e+05
5.9750  0.0050  3.221382e+05
5.9850  0.0050  3.090104e+05
5.9950  0.0050  2.958543e+05
6.0050  0.0050  2.827144e+05
6.0150  0.0050  2.695888e+05
6.0250  0.0050  2.564386e+05
6.0350  0.0050  2.461807e+05
6.0450  0.0050  2.448457e+05
6.0550  0.0050  2.435343e+05
6.0650  0.0050  2.421998e+05
6.0750  0.0050  2.408886e+05
6.0850  0.0050  2.395546e+05
6.0950  0.0050  2.456007e+05
6.1050  0.0050  2.639476e+05
6.1150  0.0050  2.823182e+05
6.1250  0.0050  3.006604e+05
6.1350  0.0050  3.190298e+05
6.1450  0.0050  3.373674e+05
6.1550  0.0050  3.411641e+05
6.1650  0.0050  3.306400e+05
6.1750  0.0050  3.201483e+05
6.1850  0.0050  3.096270e+05
6.1950  0.0050  2.991361e+05
6.2050  0.0050  2.886177e+05
6.2150  0.0050  2.856351e+05
6.2250  0.0050  2.869217e+05
6.2350  0.0050  2.882356e+05
6.2450  0.0050  2.895220e+05
6.2550  0.0050  2.908222e+05
6.2650  0.0050  2.921362e+05
6.2750  0.0050  2.893990e+05
6.2850  0.0050  2.854683e+05
6.2950  0.0050  2.815107e+05
6.3050  0.0050  2.775803e+05
6.3150  0.0050  2.736238e+05
6.3250  0.0050  2.696938e+05
6.3350  0.0050  2.586734e+05
6.3450  0.0050  2.468782e+05
6.3550  0.0050  2.350603e+05
6.3650  0.0050  2.232658e+05
6.3750  0.0050  2.114509e+05
6.3850  0.0050  1.996955e+05
6.3950  0.0050  1.891941e+05
6.4050  0.0050  1.787115e+05
6.4150  0.0050  1.682126e+05
6.4250  0.0050  1.577305e+05
6.4350  0.0050  1.472342e+05
6.4450  0.0050  1.386452e+05
6.4550  0.0050  1.399442e+05
6.4650  0.0050  1.412565e+05
6.4750  0.0050  1.425552e+05
6.4850  0.0050  1.438675e+05
6.4950  0.0050  1.451661e+05
6.5050  0.0050  1.426513e+05
6.5150  0.0050  1.308622e+05
6.5250  0.0050  1.190614e+05
6.5350  0.0050  1.072728e+05
6.5450  0.0050  9.547470e+04
6.5550  0.0050  8.368650e+04
6.5650  0.0050  8.019630e+04
6.5750  0.0050  8.805688e+04
6.5850  0.0050  9.590858e+04
6.5950  0.0050  1.037689e+05
6.6050  0.0050  1.116190e+05
6.6150  0.0050  1.194791e+05
6.6250  0.0050  1.266022e+05
6.6350  0.0050  1.331526e+05
6.6450  0.0050  1.396898e+05
6.6550  0.0050  1.462401e+05
6.6650  0.0050  1.527760e+05
6.6750  0.0050  1.593262e+05
6.6850  0.0050  1.658608e+05
6.6950  0.0050  1.724108e+05
6.7050  0.0050  1.789441e+05
6.7150  0.0050  1.854941e+05
6.7250  0.0050  1.920260e+05
6.7350  0.0050  1.985760e+05
6.7450  0.0050  1.912183e+05
6.7550  0.0050  1.807400e+05
6.7650  0.0050  1.702704e+05
6.7750  0.0050  1.597852e+05
6.7850  0.0050  1.493158e+05
6.7950  0.0050  1.388328e+05
6.8050  0.0050  1.432416e+05
6.8150  0.0050  1.484665e+05
6.8250  0.0050  1.537053e+05
6.8350  0.0050  1.589291e+05
6.8450  0.0050  1.641679e+05
6.8550  0.0050  1.685712e+05
6.8650  0.0050  1.633396e+05
6.8750  0.0050  1.580928e+05
6.8850  0.0050  1.528614e+05
6.8950  0.0050  1.476157e+05
6.9050  0.0050  1.423843e+05
6.9150  0.0050  1.371397e+05
6.9250  0.0050  1.319084e+05
6.9350  0.0050  1.266649e+05
6.9450  0.0050  1.214337e+05
6.9550  0.0050  1.161912e+05
6.9650  0.0050  1.109601e+05
6.9750  0.0050  1.075007e+05
6.9850  0.0050  1.075032e+05
6.9950  0.0050  1.074955e+05
7.0050  0.0050  1.074929e+05
7.0150  0.0050  1.074955e+05
7.0250  0.0050  1.074879e+05
7.0350  0.0050  1.056395e+05
7.0450  0.0050  1.017076e+05
7.0550  0.0050  9.778556e+04
7.0650  0.0050  9.385442e+04
7.0750  0.0050  8.993242e+04
7.0850  0.0050  8.600204e+04
7.0950  0.0050  8.365689e+04
7.1050  0.0050  8.234310e+04
7.1150  0.0050  8.103723e+04
7.1250  0.0050  7.972369e+04
7.1350  0.0050  7.841784e+04
7.1450  0.0050  7.710458e+04
7.1550  0.0050  7.771834e+04
7.1650  0.0050  7.902081e+04
7.1750  0.0050  8.033077e+04
7.1850  0.0050  8.163305e+04
7.1950  0.0050  8.294306e+04
7.2050  0.0050  8.424513e+04
7.2150  0.0050  8.555520e+04
7.2250  0.0050  8.685706e+04
7.2350  0.0050  8.816719e+04
7.2450  0.0050  8.946887e+04
7.2550  0.0050  9.077473e+04
7.2650  0.0050  9.208494e+04
7.2750  0.0050  8.817674e+04
7.2850  0.0050  8.425665e+04
7.2950  0.0050  8.032868e+04
7.3050  0.0050  7.640854e+04
7.3150  0.0050  7.248126e+04
7.3250  0.0050  7.055679e+04
7.3350  0.0050  8.231856e+04
7.3450  0.0050  9.408780e+04
7.3550  0.0050  1.058477e+05
7.3650  0.0050  1.176173e+05
7.3750  0.0050  1.293753e+05
7.3850  0.0050  1.364174e+05
7.3950  0.0050  1.298725e+05
7.4050  0.0050  1.233402e+05
7.4150  0.0050  1.167964e+05
7.4250  0.0050  1.102639e+05
7.4350  0.0050  1.037212e+05
7.4450  0.0050  9.871571e+04
7.4550  0.0050  9.609531e+04
7.4650  0.0050  9.348417e+04
7.4750  0.0050  9.086420e+04
7.4850  0.0050  8.825301e+04
7.4950  0.0050  8.563348e+04
7.5050  0.0050  8.437901e+04
7.5150  0.0050  8.438191e+04
7.5250  0.0050  8.437679e+04
7.5350  0.0050  8.437973e+04
7.5450  0.0050  8.437467e+04
7.5550  0.0050  8.437765e+04
7.5650  0.0050  8.863102e+04
7.5750  0.0050  9.516912e+04
7.5850  0.0050  1.016980e+05
7.5950  0.0050  1.082365e+05
7.6050  0.0050  1.147645e+05
7.6150  0.0050  1.213034e+05
7.6250  0.0050  1.104401e+05
7.6350  0.0050  9.476150e+04
7.6450  0.0050  7.907420e+04
7.6550  0.0050  6.339477e+04
7.6650  0.0050  4.770961e+04
7.6750  0.0050  3.202929e+04
7.6850  0.0050  4.142553e+04
7.6950  0.0050  5.318861e+04
7.7050  0.0050  6.494645e+04
7.7150  0.0050  7.671032e+04
7.7250  0.0050  8.846674e+04
7.7350  0.0050  9.952563e+04
7.7450  0.0050  9.560008e+04
7.7550  0.0050  9.167937e+04
7.7650  0.0050  8.776292e+04
7.7750  0.0050  8.383818e+04
7.7850  0.0050  7.992150e+04
7.7950  0.0050  7.576713e+04
7.8050  0.0050  7.054344e+04
7.8150  0.0050  6.531311e+04
7.8250  0.0050  6.008908e+04
7.8350  0.0050  5.485936e+04
7.8450  0.0050  4.963494e+04
7.8550  0.0050  4.681458e+04
7.8650  0.0050  4.943014e+04
7.8750  0.0050  5.204100e+04
7.8850  0.0050  5.465684e+04
7.8950  0.0050  5.726748e+04
7.9050  0.0050  5.988360e+04
7.9150  0.0050  6.134848e+04
7.9250  0.0050  6.135144e+04
7.9350  0.0050  6.134856e+04
7.9450  0.0050  6.135156e+04
7.9550  0.0050  6.134874e+04
7.9650  0.0050  6.135179e+04
7.9750  0.0050  6.134902e+04
7.9850  0.0050  6.135214e+04
7.9950  0.0050  6.134942e+04
8.0050  0.0050  6.134969e+04
8.0150  0.0050  6.135002e+04
8.0250  0.0050  6.135622e+04
8.0350  0.0050  6.135076e+04
8.0450  0.0050  6.135117e+04
8.0550  0.0050  6.135162e+04
8.0650  0.0050  6.135795e+04
8.0750  0.0050  6.135261e+04
8.0850  0.0050  6.135315e+04
8.0950  0.0050  5.483271e+04
8.1050  0.0050  4.699712e+04
8.1150  0.0050  3.915241e+04
8.1250  0.0050  3.131204e+04
8.1350  0.0050  2.347152e+04
8.1450  0.0050  1.563231e+04
8.1550  0.0050  2.037249e+04
8.1650  0.0050  2.560022e+04
8.1750  0.0050  3.082810e+04
8.1850  0.0050  3.605959e+04
8.1950  0.0050  4.128437e+04
8.2050  0.0050  4.639001e+04
8.2150  0.0050  5.031166e+04
8.2250  0.0050  5.423863e+04
8.2350  0.0050  5.815542e+04
8.2450  0.0050  6.207756e+04
8.2550  0.0050  6.599989e+04
8.2650  0.0050  6.933410e+04
8.2750  0.0050  7.064933e+04
8.2850  0.0050  7.195118e+04
8.2950  0.0050  7.325987e+04
8.3050  0.0050  7.456867e+04
8.3150  0.0050  7.588482e+04
8.3250  0.0050  7.485863e+04
8.3350  0.0050  6.963130e+04
8.3450  0.0050  6.440376e+04
8.3550  0.0050  5.918166e+04
8.3650  0.0050  5.394804e+04
8.3750  0.0050  4.871982e+04
8.3850  0.0050  4.540264e+04
8.3950  0.0050  4.410065e+04
8.4050  0.0050  4.279020e+04
8.4150  0.0050  4.148391e+04
8.4250  0.0050  4.017758e+04
8.4350  0.0050  3.887490e+04
8.4450  0.0050  3.837342e+04
8.4550  0.0050  3.837468e+04
8.4650  0.0050  3.837598e+04
8.4750  0.0050  3.838097e+04
8.4850  0.0050  3.837867e+04
8.4950  0.0050  3.838005e+04
8.5050  0.0050  3.642081e+04
8.5150  0.0050  3.380616e+04
8.5250  0.0050  3.119431e+04
8.5350  0.0050  2.857634e+04
8.5450  0.0050  2.596115e+04
8.5550  0.0050  2.334577e+04
8.5650  0.0050  2.303661e+04
8.5750  0.0050  2.303540e+04
8.5850  0.0050  2.303642e+04
8.5950  0.0050  2.303744e+04
8.6050  0.0050  2.304070e+04
8.6150  0.0050  2.299348e+04
8.6250  0.0050  1.906867e+04
8.6350  0.0050  1.514350e+04
8.6450  0.0050  1.121903e+04
8.6550  0.0050  7.292044e+03
8.6650  0.0050  3.365732e+03
8.6750  0.0050  7.479795e+02
8.6850  0.0050  5.984725e+03
8.6950  0.0050  1.122090e+04
8.7050  0.0050  1.645823e+04
8.7150  0.0050  2.169616e+04
8.7250  0.0050  2.693727e+04
8.7350  0.0050  3.002144e+04
8.7450  0.0050  2.740426e+04
8.7550  0.0050  2.478679e+04
8.7650  0.0050  2.216903e+04
8.7750  0.0050  1.955284e+04
8.7850  0.0050  1.693261e+04
8.7950  0.0050  1.590579e+04
8.8050  0.0050  1.721681e+04
8.8150  0.0050  1.852978e+04
8.8250  0.0050  1.983942e+04
8.8350  0.0050  2.115103e+04
8.8450  0.0050  2.246284e+04
8.8550  0.0050  2.447985e+04
8.8650  0.0050  2.710033e+04
8.8750  0.0050  2.972355e+04
8.8850  0.0050  3.234719e+04
8.8950  0.0050  3.497460e+04
8.9050  0.0050  3.759578e+04
8.9150  0.0050  3.584641e+04
8.9250  0.0050  3.191589e+04
8.9350  0.0050  2.798744e+04
8.9450  0.0050  2.405306e+04
8.9550  0.0050  2.012073e+04
8.9650  0.0050  1.618776e+04
8.9750  0.0050  1.435008e+04
8.9850  0.0050  1.303817e+04
8.9950  0.0050  1.172742e+04
9.0050  0.0050  1.041646e+04
9.0150  0.0050  9.105272e+03
9.0250  0.0050  7.794603e+03
9.0350  0.0050  1.014194e+04
9.0450  0.0050  1.276787e+04
9.0550  0.0050  1.539432e+04
9.0650  0.0050  1.802300e+04
9.0750  0.0050  2.064878e+04
9.0850  0.0050  2.335647e+04
9.0950  0.0050  2.729821e+04
9.1050  0.0050  3.124376e+04
9.1150  0.0050  3.518419e+04
9.1250  0.0050  3.912847e+04
9.1350  0.0050  4.307363e+04
9.1450  0.0050  4.500826e+04
9.1550  0.0050  3.843905e+04
9.1650  0.0050  3.187276e+04
9.1750  0.0050  2.530506e+04
9.1850  0.0050  1.873772e+04
9.1950  0.0050  1.216534e+04
9.2050  0.0050  8.989338e+03
9.2150  0.0050  1.293494e+04
9.2250  0.0050  1.688309e+04
9.2350  0.0050  2.082899e+04
9.2450  0.0050  2.477747e+04
9.2550  0.0050  2.872696e+04
9.2650  0.0050  3.028818e+04
9.2750  0.0050  2.897892e+04
9.2850  0.0050  2.766386e+04
9.2950  0.0050  2.635126e+04
9.3050  0.0050  2.503835e+04
9.3150  0.0050  2.372741e+04
9.3250  0.0050  2.318205e+04
9.3350  0.0050  2.318516e+04
9.3450  0.0050  2.318830e+04
9.3550  0.0050  2.319370e+04
9.3650  0.0050  2.319470e+04
9.3750  0.0050  2.319795e+04
9.3850  0.0050  2.697657e+04
9.3950  0.0050  3.225528e+04
9.4050  0.0050  3.752941e+04
9.4150  0.0050  4.280821e+04
9.4250  0.0050  4.808863e+04
9.4350  0.0050  5.337578e+04
9.4450  0.0050  4.636087e+04
9.4550  0.0050  3.713412e+04
9.4650  0.0050  2.790458e+04
9.4750  0.0050  1.867401e+04
9.4850  0.0050  9.437019e+03
9.4950  0.0050  1.988960e+02
9.5050  0.0050  0.000000e+00
9.5150  0.0050  0.000000e+00
9.5250  0.0050  0.000000e+00
9.5350  0.0050  0.000000e+00
9.5450  0.0050  0.000000e+00
9.5550  0.0050  2.895894e+02
9.5650  0.0050  2.932872e+03
9.5750  0.0050  5.576505e+03
9.5850  0.0050  8.221344e+03
9.5950  0.0050  1.086712e+04
9.6050  0.0050  1.351513e+04
9.6150  0.0050  1.520644e+04
9.6250  0.0050  1.388631e+04
9.6350  0.0050  1.256573e+04
9.6450  0.0050  1.124575e+04
9.6550  0.0050  9.923160e+03
9.6650  0.0050  8.601165e+03
9.6750  0.0050  8.263345e+03
9.6850  0.0050  9.590194e+03
9.6950  0.0050  1.091574e+04
9.7050  0.0050  1.224273e+04
9.7150  0.0050  1.357026e+04
9.7250  0.0050  1.489975e+04
9.7350  0.0050  1.689368e+04
9.7450  0.0050  1.954893e+04
9.7550  0.0050  2.220528e+04
9.7650  0.0050  2.486276e+04
9.7750  0.0050  2.752400e+04
9.7850  0.0050  3.018114e+04
9.7950  0.0050  2.947579e+04
9.8050  0.0050  2.682688e+04
9.8150  0.0050  2.417921e+04
9.8250  0.0050  2.152583e+04
9.8350  0.0050  1.887364e+04
9.8450  0.0050  1.622033e+04
9.8550  0.0050  1.661822e+04
9.8650  0.0050  1.794966e+04
9.8750  0.0050  1.928330e+04
9.8850  0.0050  2.061759e+04
9.8950  0.0050  2.195461e+04
9.9050  0.0050  2.328810e+04
9.9150  0.0050  1.985312e+04
9.9250  0.0050  1.586433e+04
9.9350  0.0050  1.187483e+04
9.9450  0.0050  7.881192e+03
9.9550  0.0050  3.886796e+03
9.9650  0.0050  7.300910e+01
9.9750  0.0050  2.738768e+03
9.9850  0.0050  5.405312e+03
9.9950  0.0050  8.073440e+03
10.0050  0.0050  1.074292e+04
10.0150  0.0050  1.341379e+04
10.0250  0.0050  1.524142e+04
10.0350  0.0050  1.257439e+04
10.0450  0.0050  9.907456e+03
10.0550  0.0050  7.239146e+03
10.0650  0.0050  4.569882e+03
10.0750  0.0050  1.898341e+03
10.0850  0.0050  3.870933e+02
10.0950  0.0050  1.724077e+03
10.1050  0.0050  3.062080e+03
10.1150  0.0050  4.400234e+03
10.1250  0.0050  5.739425e+03
10.1350  0.0050  7.079368e+03
10.1450  0.0050  8.420874e+03
10.1550  0.0050  9.761543e+03
10.1650  0.0050  1.110379e+04
10.1750  0.0050  1.244683e+04
10.1850  0.0050  1.379197e+04
10.1950  0.0050  1.513529e+04
10.2050  0.0050  1.500062e+04
10.2150  0.0050  1.366360e+04
10.2250  0.0050  1.232700e+04
10.2350  0.0050  1.098727e+04
10.2450  0.0050  9.647947e+03
10.2550  0.0050  8.307833e+03
10.2650  0.0050  7.884455e+03
10.2750  0.0050  7.887619e+03
10.2850  0.0050  7.889294e+03
10.2950  0.0050  7.891738e+03
10.3050  0.0050  7.894200e+03
10.3150  0.0050  7.897431e+03
10.3250  0.0050  7.899173e+03
10.3350  0.0050  7.901686e+03
10.3450  0.0050  7.904215e+03
10.3550  0.0050  7.907516e+03
10.3650  0.0050  7.909324e+03
10.3750  0.0050  7.911904e+03
10.3850  0.0050  7.914502e+03
10.3950  0.0050  7.917871e+03
10.4050  0.0050  7.919748e+03
10.4150  0.0050  7.922396e+03
10.4250  0.0050  7.925062e+03
10.4350  0.0050  7.928501e+03
10.4450  0.0050  7.930446e+03
10.4550  0.0050  7.933163e+03
10.4650  0.0050  7.935899e+03
10.4750  0.0050  7.939407e+03
10.4850  0.0050  7.941421e+03
10.4950  0.0050  8.505787e+03
10.5050  0.0050  1.121698e+04
10.5150  0.0050  1.393011e+04
10.5250  0.0050  1.664678e+04
10.5350  0.0050  1.936227e+04
10.5450  0.0050  2.208133e+04
10.5550  0.0050  2.296539e+04
10.5650  0.0050  2.026168e+04
10.5750  0.0050  1.755215e+04
10.5850  0.0050  1.484259e+04
10.5950  0.0050  1.213105e+04
10.6050  0.0050  9.418412e+03
10.6150  0.0050  9.256100e+03
10.6250  0.0050  1.197972e+04
10.6350  0.0050  1.470544e+04
10.6450  0.0050  1.743492e+04
10.6550  0.0050  2.016320e+04
10.6650  0.0050  2.289529e+04
10.6750  0.0050  2.481087e+04
10.6850  0.0050  2.618627e+04
10.6950  0.0050  2.755780e+04
10.7050  0.0050  2.893297e+04
10.7150  0.0050  3.030928e+04
10.7250  0.0050  3.168977e+04
10.7350  0.0050  3.006623e+04
10.7450  0.0050  2.734542e+04
10.7550  0.0050  2.462246e+04
10.7650  0.0050  2.189733e+04
10.7750  0.0050  1.917185e+04
10.7850  0.0050  1.644051e+04
10.7950  0.0050  1.961727e+04
10.8050  0.0050  2.373494e+04
10.8150  0.0050  2.785875e+04
10.8250  0.0050  3.198076e+04
10.8350  0.0050  3.610896e+04
10.8450  0.0050  4.024073e+04
10.8550  0.0050  4.028591e+04
10.8650  0.0050  4.029933e+04
10.8750  0.0050  4.031668e+04
10.8850  0.0050  4.033412e+04
10.8950  0.0050  4.035551e+04
10.9050  0.0050  4.088619e+04
10.9150  0.0050  4.503306e+04
10.9250  0.0050  4.918368e+04
10.9350  0.0050  5.334315e+04
10.9450  0.0050  5.749624e+04
10.9550  0.0050  6.165823e+04
10.9650  0.0050  6.440961e+04
10.9750  0.0050  6.306471e+04
10.9850  0.0050  6.170668e+04
10.9950  0.0050  6.035355e+04
11.0050  0.0050  5.899929e+04
11.0150  0.0050  5.764391e+04
11.0250  0.0050  5.629276e+04
11.0350  0.0050  5.492971e+04
11.0450  0.0050  5.357087e+04
11.0550  0.0050  5.221087e+04
11.0650  0.0050  5.085453e+04
11.0750  0.0050  4.948730e+04
11.0850  0.0050  4.452714e+04
11.0950  0.0050  3.622203e+04
11.1050  0.0050  2.791170e+04
11.1150  0.0050  1.958813e+04
11.1250  0.0050  1.125923e+04
11.1350  0.0050  2.922290e+03
11.1450  0.0050  9.038784e+02
11.1550  0.0050  2.295993e+03
11.1650  0.0050  3.689563e+03
11.1750  0.0050  5.084512e+03
11.1850  0.0050  6.481470e+03
11.1950  0.0050  7.878587e+03
11.2050  0.0050  8.188323e+03
11.2150  0.0050  8.192431e+03
11.2250  0.0050  8.197341e+03
11.2350  0.0050  8.200704e+03
11.2450  0.0050  8.204869e+03
11.2550  0.0050  8.209052e+03
11.2650  0.0050  6.937039e+03
11.2750  0.0050  5.540956e+03
11.2850  0.0050  4.142386e+03
11.2950  0.0050  2.742908e+03
11.3050  0.0050  1.341979e+03
11.3150  0.0050  0.000000e+00
11.3250  0.0050  0.000000e+00
11.3350  0.0050  0.000000e+00
11.3450  0.0050  0.000000e+00
11.3550  0.0050  0.000000e+00
11.3650  0.0050  0.000000e+00
11.3750  0.0050  0.000000e+00
11.3850  0.0050  0.000000e+00
11.3950  0.0050  0.000000e+00
11.4050  0.0050  0.000000e+00
11.4150  0.0050  0.000000e+00
11.4250  0.0050  0.000000e+00
11.4350  0.0050  8.622842e+02
11.4450  0.0050  3.688489e+03
11.4550  0.0050  6.517890e+03
11.4650  0.0050  9.350427e+03
11.4750  0.0050  1.218728e+04
11.4850  0.0050  1.502499e+04
11.4950  0.0050  1.539383e+04
11.5050  0.0050  1.256721e+04
11.5150  0.0050  9.737439e+03
11.5250  0.0050  6.905149e+03
11.5350  0.0050  4.068345e+03
11.5450  0.0050  1.228983e+03
11.5550  0.0050  8.068069e+02
11.5650  0.0050  2.229946e+03
11.5750  0.0050  3.654297e+03
11.5850  0.0050  5.080508e+03
11.5950  0.0050  6.508376e+03
11.6050  0.0050  7.938671e+03
11.6150  0.0050  8.372471e+03
11.6250  0.0050  8.377368e+03
11.6350  0.0050  8.382284e+03
11.6450  0.0050  8.388019e+03
11.6550  0.0050  8.392176e+03
11.6650  0.0050  8.397149e+03
11.6750  0.0050  8.402146e+03
11.6850  0.0050  8.407961e+03
11.6950  0.0050  8.412192e+03
11.7050  0.0050  8.417244e+03
11.7150  0.0050  8.422317e+03
11.7250  0.0050  8.428212e+03
11.7350  0.0050  8.432521e+03
11.7450  0.0050  8.437650e+03
11.7550  0.0050  8.442801e+03
11.7650  0.0050  8.447972e+03
11.7750  0.0050  8.453966e+03
11.7850  0.0050  8.325812e+03
11.7950  0.0050  6.888844e+03
11.8050  0.0050  5.450108e+03
11.8150  0.0050  4.009975e+03
11.8250  0.0050  2.567288e+03
11.8350  0.0050  1.123184e+03
11.8450  0.0050  6.454578e+02
11.8550  0.0050  3.541260e+03
11.8650  0.0050  6.440044e+03
11.8750  0.0050  9.342846e+03
11.8850  0.0050  1.224935e+04
11.8950  0.0050  1.516101e+04
11.9050  0.0050  1.601610e+04
11.9150  0.0050  1.312023e+04
11.9250  0.0050  1.022067e+04
11.9350  0.0050  7.318088e+03
11.9450  0.0050  4.410368e+03
11.9550  0.0050  1.499585e+03
11.9650  0.0050  7.074889e+02
11.9750  0.0050  2.166877e+03
11.9850  0.0050  3.627763e+03
11.9950  0.0050  5.090775e+03
12.0050  0.0050  6.555717e+03
12.0150  0.0050  8.022601e+03
12.0250  0.0050  8.590080e+03
12.0350  0.0050  8.594960e+03
12.0450  0.0050  8.600679e+03
12.0550  0.0050  8.606418e+03
12.0650  0.0050  8.612998e+03
12.0750  0.0050  8.617954e+03
12.0850  0.0050  7.525294e+03
12.0950  0.0050  6.059977e+03
12.1050  0.0050  4.593127e+03
12.1150  0.0050  3.123417e+03
12.1250  0.0050  1.652154e+03
12.1350  0.0050  1.788890e+02
12.1450  0.0050  0.000000e+00
12.1550  0.0050  0.000000e+00
12.1650  0.0050  0.000000e+00
12.1750  0.0050  0.000000e+00
12.1850  0.0050  0.000000e+00
12.1950  0.0050  0.000000e+00
12.2050  0.0050  0.000000e+00
12.2150  0.0050  0.000000e+00
12.2250  0.0050  0.000000e+00
12.2350  0.0050  0.000000e+00
12.2450  0.0050  0.000000e+00
12.2550  0.0050  2.094775e+02
12.2650  0.0050  1.697382e+03
12.2750  0.0050  3.187694e+03
12.2850  0.0050  4.679511e+03
12.2950  0.0050  6.173757e+03
12.3050  0.0050  7.670137e+03
12.3150  0.0050  8.357191e+03
12.3250  0.0050  6.868258e+03
12.3350  0.0050  5.377996e+03
12.3450  0.0050  3.885600e+03
12.3550  0.0050  2.391287e+03
12.3650  0.0050  8.943625e+02
12.3750  0.0050  0.000000e+00
12.3850  0.0050  0.000000e+00
12.3950  0.0050  0.000000e+00
12.4050  0.0050  0.000000e+00
12.4150  0.0050  0.000000e+00
12.4250  0.0050  0.000000e+00
12.4350  0.0050  0.000000e+00
12.4450  0.0050  0.000000e+00
12.4550  0.0050  0.000000e+00
12.4650  0.0050  0.000000e+00
12.4750  0.0050  0.000000e+00
12.4850  0.0050  0.000000e+00
12.4950  0.0050  0.000000e+00
12.5050  0.0050  0.000000e+00
12.5150  0.0050  0.000000e+00
12.5250  0.0050  0.000000e+00
12.5350  0.0050  0.000000e+00
12.5450  0.0050  0.000000e+00
12.5550  0.0050  0.000000e+00
12.5650  0.0050  0.000000e+00
12.5750  0.0050  0.000000e+00
12.5850  0.0050  0.000000e+00
12.5950  0.0050  0.000000e+00
12.6050  0.0050  0.000000e+00
12.6150  0.0050  1.416029e+03
12.6250  0.0050  2.944845e+03
12.6350  0.0050  4.476010e+03
12.6450  0.0050  6.010108e+03
12.6550  0.0050  7.545428e+03
12.6650  0.0050  9.083696e+03
12.6750  0.0050  1.062436e+04
12.6850  0.0050  1.216858e+04
12.6950  0.0050  1.371288e+04
12.7050  0.0050  1.526077e+04
12.7150  0.0050  1.681108e+04
12.7250  0.0050  1.748875e+04
12.7350  0.0050  1.441915e+04
12.7450  0.0050  1.134641e+04
12.7550  0.0050  8.268864e+03
12.7650  0.0050  5.186470e+03
12.7750  0.0050  2.099415e+03
12.7850  0.0050  0.000000e+00
12.7950  0.0050  0.000000e+00
12.8050  0.0050  0.000000e+00
12.8150  0.0050  0.000000e+00
12.8250  0.0050  0.000000e+00
12.8350  0.0050  0.000000e+00
12.8450  0.0050  1.405265e+03
12.8550  0.0050  4.517932e+03
12.8650  0.0050  7.634739e+03
12.8750  0.0050  1.075700e+04
12.8850  0.0050  1.388431e+04
12.8950  0.0050  1.701830e+04
12.9050  0.0050  1.651086e+04
12.9150  0.0050  1.339805e+04
12.9250  0.0050  1.028018e+04
12.9350  0.0050  7.157935e+03
12.9450  0.0050  4.029239e+03
12.9550  0.0050  8.961179e+02
12.9650  0.0050  0.000000e+00
12.9750  0.0050  0.000000e+00
12.9850  0.0050  0.000000e+00
12.9950  0.0050  0.000000e+00
13.0050  0.0050  0.000000e+00
13.0150  0.0050  0.000000e+00
13.0250  0.0050  0.000000e+00
13.0350  0.0050  0.000000e+00
13.0450  0.0050  0.000000e+00
13.0550  0.0050  0.000000e+00
13.0650  0.0050  0.000000e+00
13.0750  0.0050  0.000000e+00
13.0850  0.0050  0.000000e+00
13.0950  0.0050  0.000000e+00
13.1050  0.0050  0.000000e+00
13.1150  0.0050  0.000000e+00
13.1250  0.0050  0.000000e+00
13.1350  0.0050  0.000000e+00
13.1450  0.0050  0.000000e+00
13.1550  0.0050  0.000000e+00
13.1650  0.0050  0.000000e+00
13.1750  0.0050  0.000000e+00
13.1850  0.0050  0.000000e+00
13.1950  0.0050  0.000000e+00
13.2050  0.0050  0.000000e+00
13.2150  0.0050  0.000000e+00
13.2250  0.0050  0.000000e+00
13.2350  0.0050  0.000000e+00
13.2450  0.0050  0.000000e+00
13.2550  0.0050  0.000000e+00
13.2650  0.0050  0.000000e+00
13.2750  0.0050  0.000000e+00
13.2850  0.0050  0.000000e+00
13.2950  0.0050  0.000000e+00
13.3050  0.0050  0.000000e+00
13.3150  0.0050  0.000000e+00
13.3250  0.0050  0.000000e+00
13.3350  0.0050  0.000000e+00
13.3450  0.0050  0.000000e+00
13.3550  0.0050  0.000000e+00
13.3650  0.0050  0.000000e+00
13.3750  0.0050  2.054328e+03
13.3850  0.0050  5.309015e+03
13.3950  0.0050  8.570235e+03
13.4050  0.0050  1.183556e+04
13.4150  0.0050  1.510746e+04
13.4250  0.0050  1.838513e+04
13.4350  0.0050  1.668303e+04
13.4450  0.0050  1.342607e+04
13.4550  0.0050  1.016494e+04
13.4650  0.0050  6.898035e+03
13.4750  0.0050  3.625673e+03
13.4850  0.0050  3.467997e+02
13.4950  0.0050  4.406352e+03
13.5050  0.0050  9.341693e+03
13.5150  0.0050  1.428586e+04
13.5250  0.0050  1.924070e+04
13.5350  0.0050  2.420076e+04
13.5450  0.0050  2.896173e+04
13.5550  0.0050  2.568538e+04
13.5650  0.0050  2.240529e+04
13.5750  0.0050  1.911503e+04
13.5850  0.0050  1.582098e+04
13.5950  0.0050  1.252099e+04
13.6050  0.0050  9.475603e+03
13.6150  0.0050  7.823139e+03
13.6250  0.0050  6.168584e+03
13.6350  0.0050  4.511030e+03
13.6450  0.0050  2.850734e+03
13.6550  0.0050  1.186871e+03
13.6650  0.0050  0.000000e+00
13.6750  0.0050  0.000000e+00
13.6850  0.0050  0.000000e+00
13.6950  0.0050  0.000000e+00
13.7050  0.0050  0.000000e+00
13.7150  0.0050  0.000000e+00
13.7250  0.0050  0.000000e+00
13.7350  0.0050  0.000000e+00
13.7450  0.0050  0.000000e+00
13.7550  0.0050  0.000000e+00
13.7650  0.0050  0.000000e+00
13.7750  0.0050  0.000000e+00
13.7850  0.0050  9.272412e+02
13.7950  0.0050  2.615856e+03
13.8050  0.0050  4.307605e+03
13.8150  0.0050  6.003072e+03
13.8250  0.0050  7.700544e+03
13.8350  0.0050  9.401754e+03
13.8450  0.0050  9.951394e+03
13.8550  0.0050  9.961632e+03
13.8650  0.0050  9.969991e+03
13.8750  0.0050  9.979319e+03
13.8850  0.0050  9.988668e+03
13.8950  0.0050  9.998989e+03
13.9050  0.0050  8.622601e+03
13.9150  0.0050  6.923939e+03
13.9250  0.0050  5.222078e+03
13.9350  0.0050  3.517349e+03
13.9450  0.0050  1.808734e+03
13.9550  0.0050  9.722740e+01
13.9650  0.0050  0.000000e+00
13.9750  0.0050  0.000000e+00
13.9850  0.0050  0.000000e+00
13.9950  0.0050  0.000000e+00
14.0050  0.0050  0.000000e+00
14.0150  0.0050  0.000000e+00
14.0250  0.0050  0.000000e+00
14.0350  0.0050  0.000000e+00
14.0450  0.0050  0.000000e+00
14.0550  0.0050  0.000000e+00
14.0650  0.0050  0.000000e+00
14.0750  0.0050  0.000000e+00
14.0850  0.0050  0.000000e+00
14.0950  0.0050  0.000000e+00
14.1050  0.0050  0.000000e+00
14.1150  0.0050  0.000000e+00
14.1250  0.0050  0.000000e+00
14.1350  0.0050  0.000000e+00
14.1450  0.0050  0.000000e+00
14.1550  0.0050  0.000000e+00
14.1650  0.0050  0.000000e+00
14.1750  0.0050  0.000000e+00
14.1850  0.0050  0.000000e+00
14.1950  0.0050  0.000000e+00
14.2050  0.0050  0.000000e+00
14.2150  0.0050  0.000000e+00
14.2250  0.0050  0.000000e+00
14.2350  0.0050  0.000000e+00
14.2450  0.0050  0.000000e+00
14.2550  0.0050  0.000000e+00
14.2650  0.0050  0.000000e+00
14.2750  0.0050  0.000000e+00
14.2850  0.0050  0.000000e+00
14.2950  0.0050  0.000000e+00
14.3050  0.0050  0.000000e+00
14.3150  0.0050  0.000000e+00
14.3250  0.0050  0.000000e+00
14.3350  0.0050  0.000000e+00
14.3450  0.0050  0.000000e+00
14.3550  0.0050  0.000000e+00
14.3650  0.0050  0.000000e+00
14.3750  0.0050  0.000000e+00
14.3850  0.0050  0.000000e+00
14.3950  0.0050  0.000000e+00
14.4050  0.0050  0.000000e+00
14.4150  0.0050  0.000000e+00
14.4250  0.0050  0.000000e+00
14.4350  0.0050  0.000000e+00
14.4450  0.0050  0.000000e+00
14.4550  0.0050  0.000000e+00
14.4650  0.0050  0.000000e+00
14.4750  0.0050  0.000000e+00
14.4850  0.0050  0.000000e+00
14.4950  0.0050  0.000000e+00
14.5050  0.0050  0.000000e+00
14.5150  0.0050  0.000000e+00
14.5250  0.0050  0.000000e+00
14.5350  0.0050  0.000000e+00
14.5450  0.0050  0.000000e+00
14.5550  0.0050  0.000000e+00
14.5650  0.0050  0.000000e+00
14.5750  0.0050  0.000000e+00
14.5850  0.0050  0.000000e+00
14.5950  0.0050  0.000000e+00
14.6050  0.0050  0.000000e+00
14.6150  0.0050  0.000000e+00
14.6250  0.0050  0.000000e+00
14.6350  0.0050  0.000000e+00
14.6450  0.0050  0.000000e+00
14.6550  0.0050  0.000000e+00
14.6650  0.0050  0.000000e+00
14.6750  0.0050  0.000000e+00
14.6850  0.0050  0.000000e+00
14.6950  0.0050  0.000000e+00
14.7050  0.0050  0.000000e+00
14.7150  0.0050  0.000000e+00
14.7250  0.0050  0.000000e+00
14.7350  0.0050  0.000000e+00
14.7450  0.0050  0.000000e+00
14.7550  0.0050  0.000000e+00
14.7650  0.0050  0.000000e+00
14.7750  0.0050  0.000000e+00
14.7850  0.0050  0.000000e+00
14.7950  0.0050  0.000000e+00
14.8050  0.0050  0.000000e+00
14.8150  0.0050  0.000000e+00
14.8250  0.0050  0.000000e+00
14.8350  0.0050  0.000000e+00
14.8450  0.0050  0.000000e+00
14.8550  0.0050  0.000000e+00
14.8650  0.0050  0.000000e+00
14.8750  0.0050  0.000000e+00
14.8850  0.0050  0.000000e+00
14.8950  0.0050  0.000000e+00
14.9050  0.0050  0.000000e+00
14.9150  0.0050  0.000000e+00
14.9250  0.0050  0.000000e+00
14.9350  0.0050  0.000000e+00
14.9450  0.0050  0.000000e+00
14.9550  0.0050  0.000000e+00
14.9650  0.0050  0.000000e+00
14.9750  0.0050  0.000000e+00
14.9850  0.0050  0.000000e+00
14.9950  0.0050  0.000000e+00
15.0050  0.0050  0.000000e+00
15.0150  0.0050  0.000000e+00
15.0250  0.0050  0.000000e+00
15.0350  0.0050  0.000000e+00
15.0450  0.0050  0.000000e+00
15.0550  0.0050  0.000000e+00
15.0650  0.0050  0.000000e+00
15.0750  0.0050  0.000000e+00
15.0850  0.0050  0.000000e+00
15.0950  0.0050  0.000000e+00
15.1050  0.0050  0.000000e+00
15.1150  0.0050  0.000000e+00
15.1250  0.0050  0.000000e+00
15.1350  0.0050  0.000000e+00
15.1450  0.0050  0.000000e+00
15.1550  0.0050  0.000000e+00
15.1650  0.0050  0.000000e+00
15.1750  0.0050  0.000000e+00
15.1850  0.0050  0.000000e+00
15.1950  0.0050  1.351247e+03
15.2050  0.0050  3.294266e+03
15.2150  0.0050  5.241354e+03
15.2250  0.0050  7.193213e+03
15.2350  0.0050  9.147791e+03
15.2450  0.0050  1.110716e+04
15.2550  0.0050  9.839263e+03
15.2650  0.0050  7.895741e+03
15.2750  0.0050  5.948696e+03
15.2850  0.0050  3.996414e+03
15.2950  0.0050  2.040585e+03
15.3050  0.0050  8.063430e+01
15.3150  0.0050  0.000000e+00
15.3250  0.0050  0.000000e+00
15.3350  0.0050  0.000000e+00
15.3450  0.0050  0.000000e+00
15.3550  0.0050  0.000000e+00
15.3650  0.0050  0.000000e+00
15.3750  0.0050  0.000000e+00
15.3850  0.0050  0.000000e+00
15.3950  0.0050  0.000000e+00
15.4050  0.0050  0.000000e+00
15.4150  0.0050  0.000000e+00
15.4250  0.0050  0.000000e+00
15.4350  0.0050  0.000000e+00
15.4450  0.0050  0.000000e+00
15.4550  0.0050  0.000000e+00
15.4650  0.0050  0.000000e+00
15.4750  0.0050  0.000000e+00
15.4850  0.0050  0.000000e+00
15.4950  0.0050  0.000000e+00
15.5050  0.0050  0.000000e+00
15.5150  0.0050  0.000000e+00
15.5250  0.0050  0.000000e+00
15.5350  0.0050  0.000000e+00
15.5450  0.0050  0.000000e+00
15.5550  0.0050  0.000000e+00
15.5650  0.0050  0.000000e+00
15.5750  0.0050  0.000000e+00
15.5850  0.0050  0.000000e+00
15.5950  0.0050  0.000000e+00
15.6050  0.0050  0.000000e+00
15.6150  0.0050  0.000000e+00
15.6250  0.0050  0.000000e+00
15.6350  0.0050  0.000000e+00
15.6450  0.0050  0.000000e+00
15.6550  0.0050  0.000000e+00
15.6650  0.0050  0.000000e+00
15.6750  0.0050  0.000000e+00
15.6850  0.0050  0.000000e+00
15.6950  0.0050  0.000000e+00
15.7050  0.0050  0.000000e+00
15.7150  0.0050  0.000000e+00
15.7250  0.0050  0.000000e+00
15.7350  0.0050  0.000000e+00
15.7450  0.0050  0.000000e+00
15.7550  0.0050  0.000000e+00
15.7650  0.0050  0.000000e+00
15.7750  0.0050  0.000000e+00
15.7850  0.0050  0.000000e+00
15.7950  0.0050  0.000000e+00
15.8050  0.0050  0.000000e+00
15.8150  0.0050  0.000000e+00
15.8250  0.0050  0.000000e+00
15.8350  0.0050  0.000000e+00
15.8450  0.0050  0.000000e+00
15.8550  0.0050  0.000000e+00
15.8650  0.0050  0.000000e+00
15.8750  0.0050  0.000000e+00
15.8850  0.0050  0.000000e+00
15.8950  0.0050  0.000000e+00
15.9050  0.0050  0.000000e+00
15.9150  0.0050  0.000000e+00
15.9250  0.0050  0.000000e+00
15.9350  0.0050  0.000000e+00
15.9450  0.0050  0.000000e+00
15.9550  0.0050  0.000000e+00
15.9650  0.0050  0.000000e+00
15.9750  0.0050  0.000000e+00
15.9850  0.0050  0.000000e+00
15.9950  0.0050  0.000000e+00
16.0050  0.0050  0.000000e+00
16.0150  0.0050  0.000000e+00
16.0250  0.0050  0.000000e+00
16.0350  0.0050  0.000000e+00
16.0450  0.0050  0.000000e+00
16.0550  0.0050  0.000000e+00
16.0650  0.0050  0.000000e+00
16.0750  0.0050  0.000000e+00
16.0850  0.0050  0.000000e+00
16.0950  0.0050  0.000000e+00
16.1050  0.0050  0.000000e+00
16.1150  0.0050  0.000000e+00
16.1250  0.0050  0.000000e+00
16.1350  0.0050  1.704439e+03
16.1450  0.0050  3.853894e+03
16.1550  0.0050  6.008056e+03
16.1650  0.0050  8.166938e+03
16.1750  0.0050  1.033055e+04
16.1850  0.0050  1.249889e+04
16.1950  0.0050  1.067438e+04
16.2050  0.0050  8.525961e+03
16.2150  0.0050  6.369562e+03
16.2250  0.0050  4.210053e+03
16.2350  0.0050  2.045794e+03
16.2450  0.0050  0.000000e+00
16.2550  0.0050  0.000000e+00
16.2650  0.0050  0.000000e+00
16.2750  0.0050  0.000000e+00
16.2850  0.0050  0.000000e+00
16.2950  0.0050  0.000000e+00
16.3050  0.0050  0.000000e+00
16.3150  0.0050  0.000000e+00
16.3250  0.0050  0.000000e+00
16.3350  0.0050  0.000000e+00
16.3450  0.0050  0.000000e+00
16.3550  0.0050  0.000000e+00
16.3650  0.0050  0.000000e+00
16.3750  0.0050  0.000000e+00
16.3850  0.0050  0.000000e+00
16.3950  0.0050  0.000000e+00
16.4050  0.0050  0.000000e+00
16.4150  0.0050  0.000000e+00
16.4250  0.0050  0.000000e+00
16.4350  0.0050  0.000000e+00
16.4450  0.0050  0.000000e+00
16.4550  0.0050  0.000000e+00
16.4650  0.0050  0.000000e+00
16.4750  0.0050  0.000000e+00
16.4850  0.0050  0.000000e+00
16.4950  0.0050  0.000000e+00
16.5050  0.0050  0.000000e+00
16.5150  0.0050  0.000000e+00
16.5250  0.0050  0.000000e+00
16.5350  0.0050  0.000000e+00
16.5450  0.0050  0.000000e+00
16.5550  0.0050  0.000000e+00
16.5650  0.0050  0.000000e+00
16.5750  0.0050  0.000000e+00
16.5850  0.0050  0.000000e+00
16.5950  0.0050  0.000000e+00
16.6050  0.0050  0.000000e+00
16.6150  0.0050  0.000000e+00
16.6250  0.0050  0.000000e+00
16.6350  0.0050  0.000000e+00
16.6450  0.0050  0.000000e+00
16.6550  0.0050  0.000000e+00
16.6650  0.0050  0.000000e+00
16.6750  0.0050  0.000000e+00
16.6850  0.0050  0.000000e+00
16.6950  0.0050  0.000000e+00
16.7050  0.0050  0.000000e+00
16.7150  0.0050  0.000000e+00
16.7250  0.0050  0.000000e+00
16.7350  0.0050  0.000000e+00
16.7450  0.0050  0.000000e+00
16.7550  0.0050  0.000000e+00
16.7650  0.0050  0.000000e+00
16.7750  0.0050  0.000000e+00
16.7850  0.0050  0.000000e+00
16.7950  0.0050  0.000000e+00
16.8050  0.0050  0.000000e+00
16.8150  0.0050  0.000000e+00
16.8250  0.0050  0.000000e+00
16.8350  0.0050  0.000000e+00
16.8450  0.0050  0.000000e+00
16.8550  0.0050  0.000000e+00
16.8650  0.0050  0.000000e+00
16.8750  0.0050  0.000000e+00
16.8850  0.0050  0.000000e+00
16.8950  0.0050  1.164463e+03
16.9050  0.0050  3.501867e+03
16.9150  0.0050  5.844501e+03
16.9250  0.0050  8.192371e+03
16.9350  0.0050  1.054549e+04
16.9450  0.0050  1.290386e+04
16.9550  0.0050  1.230922e+04
16.9650  0.0050  9.968816e+03
16.9750  0.0050  7.625517e+03
16.9850  0.0050  5.276956e+03
16.9950  0.0050  2.923125e+03
17.0050  0.0050  5.640140e+02
17.0150  0.0050  0.000000e+00
17.0250  0.0050  0.000000e+00
17.0350  0.0050  0.000000e+00
17.0450  0.0050  0.000000e+00
17.0550  0.0050  0.000000e+00
17.0650  0.0050  0.000000e+00
17.0750  0.0050  0.000000e+00
17.0850  0.0050  0.000000e+00
17.0950  0.0050  0.000000e+00
17.1050  0.0050  0.000000e+00
17.1150  0.0050  0.000000e+00
17.1250  0.0050  0.000000e+00
17.1350  0.0050  0.000000e+00
17.1450  0.0050  0.000000e+00
17.1550  0.0050  0.000000e+00
17.1650  0.0050  0.000000e+00
17.1750  0.0050  0.000000e+00
17.1850  0.0050  0.000000e+00
17.1950  0.0050  0.000000e+00
17.2050  0.0050  0.000000e+00
17.2150  0.0050  0.000000e+00
17.2250  0.0050  0.000000e+00
17.2350  0.0050  0.000000e+00
17.2450  0.0050  0.000000e+00
17.2550  0.0050  0.000000e+00
17.2650  0.0050  0.000000e+00
17.2750  0.0050  0.000000e+00
17.2850  0.0050  0.000000e+00
17.2950  0.0050  0.000000e+00
17.3050  0.0050  0.000000e+00
17.3150  0.0050  0.000000e+00
17.3250  0.0050  0.000000e+00
17.3350  0.0050  0.000000e+00
17.3450  0.0050  0.000000e+00
17.3550  0.0050  0.000000e+00
17.3650  0.0050  0.000000e+00
17.3750  0.0050  0.000000e+00
17.3850  0.0050  0.000000e+00
17.3950  0.0050  0.000000e+00
17.4050  0.0050  0.000000e+00
17.4150  0.0050  0.000000e+00
17.4250  0.0050  0.000000e+00
17.4350  0.0050  0.000000e+00
17.4450  0.0050  0.000000e+00
17.4550  0.0050  0.000000e+00
17.4650  0.0050  0.000000e+00
17.4750  0.0050  0.000000e+00
17.4850  0.0050  0.000000e+00
17.4950  0.0050  0.000000e+00
17.5050  0.0050  0.000000e+00
17.5150  0.0050  0.000000e+00
17.5250  0.0050  0.000000e+00
17.5350  0.0050  0.000000e+00
17.5450  0.0050  0.000000e+00
17.5550  0.0050  0.000000e+00
17.5650  0.0050  0.000000e+00
17.5750  0.0050  0.000000e+00
17.5850  0.0050  0.000000e+00
17.5950  0.0050  0.000000e+00
17.6050  0.0050  0.000000e+00
17.6150  0.0050  0.000000e+00
17.6250  0.0050  0.000000e+00
17.6350  0.0050  0.000000e+00
17.6450  0.0050  0.000000e+00
17.6550  0.0050  0.000000e+00
17.6650  0.0050  0.000000e+00
17.6750  0.0050  0.000000e+00
17.6850  0.0050  0.000000e+00
17.6950  0.0050  0.000000e+00
17.7050  0.0050  0.000000e+00
17.7150  0.0050  0.000000e+00
17.7250  0.0050  0.000000e+00
17.7350  0.0050  0.000000e+00
17.7450  0.0050  0.000000e+00
17.7550  0.0050  0.000000e+00
17.7650  0.0050  0.000000e+00
17.7750  0.0050  0.000000e+00
17.7850  0.0050  0.000000e+00
17.7950  0.0050  0.000000e+00
17.8050  0.0050  0.000000e+00
17.8150  0.0050  0.000000e+00
17.8250  0.0050  0.000000e+00
17.8350  0.0050  0.000000e+00
17.8450  0.0050  0.000000e+00
17.8550  0.0050  0.000000e+00
17.8650  0.0050  0.000000e+00
17.8750  0.0050  0.000000e+00
17.8850  0.0050  0.000000e+00
17.8950  0.0050  0.000000e+00
17.9050  0.0050  0.000000e+00
17.9150  0.0050  0.000000e+00
17.9250  0.0050  0.000000e+00
17.9350  0.0050  0.000000e+00
17.9450  0.0050  0.000000e+00
17.9550  0.0050  0.000000e+00
17.9650  0.0050  0.000000e+00
17.9750  0.0050  0.000000e+00
17.9850  0.0050  0.000000e+00
17.9950  0.0050  0.000000e+00
18.0050  0.0050  0.000000e+00
18.0150  0.0050  0.000000e+00
18.0250  0.0050  0.000000e+00
18.0350  0.0050  0.000000e+00
18.0450  0.0050  0.000000e+00
18.0550  0.0050  0.000000e+00
18.0650  0.0050  0.000000e+00
18.0750  0.0050  0.000000e+00
18.0850  0.0050  0.000000e+00
18.0950  0.0050  0.000000e+00
18.1050  0.0050  0.000000e+00
18.1150  0.0050  0.000000e+00
18.1250  0.0050  0.000000e+00
18.1350  0.0050  0.000000e+00
18.1450  0.0050  0.000000e+00
18.1550  0.0050  0.000000e+00
18.1650  0.0050  0.000000e+00
18.1750  0.0050  0.000000e+00
18.1850  0.0050  1.035229e+03
18.1950  0.0050  3.738457e+03
18.2050  0.0050  6.449049e+03
18.2150  0.0050  9.163328e+03
18.2250  0.0050  1.188499e+04
18.2350  0.0050  1.461283e+04
18.2450  0.0050  1.454965e+04
18.2550  0.0050  1.184566e+04
18.2650  0.0050  9.135511e+03
18.2750  0.0050  6.419194e+03
18.2850  0.0050  3.696695e+03
18.2950  0.0050  9.681930e+02
18.3050  0.0050  0.000000e+00
18.3150  0.0050  0.000000e+00
18.3250  0.0050  0.000000e+00
18.3350  0.0050  0.000000e+00
18.3450  0.0050  0.000000e+00
18.3550  0.0050  0.000000e+00
18.3650  0.0050  0.000000e+00
18.3750  0.0050  0.000000e+00
18.3850  0.0050  0.000000e+00
18.3950  0.0050  0.000000e+00
18.4050  0.0050  0.000000e+00
18.4150  0.0050  0.000000e+00
18.4250  0.0050  0.000000e+00
18.4350  0.0050  0.000000e+00
18.4450  0.0050  0.000000e+00
18.4550  0.0050  0.000000e+00
18.4650  0.0050  0.000000e+00
18.4750  0.0050  0.000000e+00
18.4850  0.0050  0.000000e+00
18.4950  0.0050  0.000000e+00
18.5050  0.0050  0.000000e+00
18.5150  0.0050  0.000000e+00
18.5250  0.0050  0.000000e+00
18.5350  0.0050  0.000000e+00
18.5450  0.0050  0.000000e+00
18.5550  0.0050  0.000000e+00
18.5650  0.0050  0.000000e+00
18.5750  0.0050  0.000000e+00
18.5850  0.0050  0.000000e+00
18.5950  0.0050  0.000000e+00
18.6050  0.0050  0.000000e+00
18.6150  0.0050  0.000000e+00
18.6250  0.0050  0.000000e+00
18.6350  0.0050  0.000000e+00
18.6450  0.0050  0.000000e+00
18.6550  0.0050  0.000000e+00
18.6650  0.0050  0.000000e+00
18.6750  0.0050  0.000000e+00
18.6850  0.0050  0.000000e+00
18.6950  0.0050  0.000000e+00
18.7050  0.0050  0.000000e+00
18.7150  0.0050  0.000000e+00
18.7250  0.0050  0.000000e+00
18.7350  0.0050  0.000000e+00
18.7450  0.0050  0.000000e+00
18.7550  0.0050  0.000000e+00
18.7650  0.0050  0.000000e+00
18.7750  0.0050  0.000000e+00
18.7850  0.0050  0.000000e+00
18.7950  0.0050  0.000000e+00
18.8050  0.0050  0.000000e+00
18.8150  0.0050  0.000000e+00
18.8250  0.0050  0.000000e+00
18.8350  0.0050  0.000000e+00
18.8450  0.0050  0.000000e+00
18.8550  0.0050  0.000000e+00
18.8650  0.0050  0.000000e+00
18.8750  0.0050  0.000000e+00
18.8850  0.0050  0.000000e+00
18.8950  0.0050  0.000000e+00
18.9050  0.0050  0.000000e+00
18.9150  0.0050  0.000000e+00
18.9250  0.0050  0.000000e+00
18.9350  0.0050  0.000000e+00
18.9450  0.0050  0.000000e+00
18.9550  0.0050  0.000000e+00
18.9650  0.0050  0.000000e+00
18.9750  0.0050  0.000000e+00
18.9850  0.0050  0.000000e+00
18.9950  0.0050  0.000000e+00
19.0050  0.0050  0.000000e+00
19.0150  0.0050  0.000000e+00
19.0250  0.0050  0.000000e+00
19.0350  0.0050  0.000000e+00
19.0450  0.0050  0.000000e+00
19.0550  0.0050  0.000000e+00
19.0650  0.0050  0.000000e+00
19.0750  0.0050  0.000000e+00
19.0850  0.0050  0.000000e+00
19.0950  0.0050  0.000000e+00
19.1050  0.0050  0.000000e+00
19.1150  0.0050  0.000000e+00
19.1250  0.0050  0.000000e+00
19.1350  0.0050  0.000000e+00
19.1450  0.0050  0.000000e+00
19.1550  0.0050  0.000000e+00
19.1650  0.0050  0.000000e+00
19.1750  0.0050  0.000000e+00
19.1850  0.0050  0.000000e+00
19.1950  0.0050  0.000000e+00
19.2050  0.0050  0.000000e+00
19.2150  0.0050  0.000000e+00
19.2250  0.0050  0.000000e+00
19.2350  0.0050  0.000000e+00
19.2450  0.0050  0.000000e+00
19.2550  0.0050  0.000000e+00
19.2650  0.0050  0.000000e+00
19.2750  0.0050  0.000000e+00
19.2850  0.0050  0.000000e+00
19.2950  0.0050  0.000000e+00
19.3050  0.0050  0.000000e+00
19.3150  0.0050  0.000000e+00
19.3250  0.0050  0.000000e+00
19.3350  0.0050  0.000000e+00
19.3450  0.0050  0.000000e+00
19.3550  0.0050  0.000000e+00
19.3650  0.0050  0.000000e+00
19.3750  0.0050  0.000000e+00
19.3850  0.0050  0.000000e+00
19.3950  0.0050  0.000000e+00
19.4050  0.0050  0.000000e+00
19.4150  0.0050  0.000000e+00
19.4250  0.0050  0.000000e+00
19.4350  0.0050  0.000000e+00
19.4450  0.0050  0.000000e+00
19.4550  0.0050  0.000000e+00
19.4650  0.0050  0.000000e+00
19.4750  0.0050  0.000000e+00
19.4850  0.0050  0.000000e+00
19.4950  0.0050  0.000000e+00
19.5050  0.0050  0.000000e+00
19.5150  0.0050  0.000000e+00
19.5250  0.0050  0.000000e+00
19.5350  0.0050  0.000000e+00
19.5450  0.0050  0.000000e+00
19.5550  0.0050  0.000000e+00
19.5650  0.0050  0.000000e+00
19.5750  0.0050  0.000000e+00
19.5850  0.0050  0.000000e+00
19.5950  0.0050  0.000000e+00
19.6050  0.0050  0.000000e+00
19.6150  0.0050  0.000000e+00
19.6250  0.0050  0.000000e+00
19.6350  0.0050  0.000000e+00
19.6450  0.0050  0.000000e+00
19.6550  0.0050  0.000000e+00
19.6650  0.0050  0.000000e+00
19.6750  0.0050  0.000000e+00
19.6850  0.0050  0.000000e+00
19.6950  0.0050  0.000000e+00
19.7050  0.0050  0.000000e+00
19.7150  0.0050  0.000000e+00
19.7250  0.0050  0.000000e+00
19.7350  0.0050  0.000000e+00
19.7450  0.0050  0.000000e+00
19.7550  0.0050  0.000000e+00
19.7650  0.0050  0.000000e+00
19.7750  0.0050  0.000000e+00
19.7850  0.0050  0.000000e+00
19.7950  0.0050  0.000000e+00
19.8050  0.0050  0.000000e+00
19.8150  0.0050  0.000000e+00
19.8250  0.0050  0.000000e+00
19.8350  0.0050  0.000000e+00
19.8450  0.0050  0.000000e+00
19.8550  0.0050  0.000000e+00
19.8650  0.0050  0.000000e+00
19.8750  0.0050  0.000000e+00
19.8850  0.0050  0.000000e+00
19.8950  0.0050  0.000000e+00
19.9050  0.0050  0.000000e+00
19.9150  0.0050  0.000000e+00
19.9250  0.0050  0.000000e+00
19.9350  0.0050  0.000000e+00
19.9450  0.0050  0.000000e+00
19.9550  0.0050  0.000000e+00
19.9650  0.0050  0.000000e+00
19.9750  0.0050  0.000000e+00
19.9850  0.0050  0.000000e+00
19.9950  0.0050  0.000000e+00
20.0050  0.0050  0.000000e+00
20.0150  0.0050  0.000000e+00
20.0250  0.0050  0.000000e+00
20.0350  0.0050  0.000000e+00
20.0450  0.0050  0.000000e+00
20.0550  0.0050  0.000000e+00
20.0650  0.0050  0.000000e+00
20.0750  0.0050  0.000000e+00
20.0850  0.0050  0.000000e+00
20.0950  0.0050  0.000000e+00
20.1050  0.0050  0.000000e+00
20.1150  0.0050  0.000000e+00
20.1250  0.0050  0.000000e+00
20.1350  0.0050  0.000000e+00
20.1450  0.0050  0.000000e+00
20.1550  0.0050  0.000000e+00
20.1650  0.0050  0.000000e+00
20.1750  0.0050  0.000000e+00
20.1850  0.0050  0.000000e+00
20.1950  0.0050  0.000000e+00
20.2050  0.0050  0.000000e+00
20.2150  0.0050  0.000000e+00
20.2250  0.0050  0.000000e+00
20.2350  0.0050  0.000000e+00
20.2450  0.0050  0.000000e+00
20.2550  0.0050  0.000000e+00
20.2650  0.0050  0.000000e+00
20.2750  0.0050  0.000000e+00
20.2850  0.0050  0.000000e+00
20.2950  0.0050  3.549778e+02
20.3050  0.0050  3.780839e+03
20.3150  0.0050  7.214132e+03
20.3250  0.0050  1.065480e+04
20.3350  0.0050  1.410285e+04
20.3450  0.0050  1.755831e+04
20.3550  0.0050  1.940363e+04
20.3650  0.0050  1.597678e+04
20.3750  0.0050  1.254494e+04
20.3850  0.0050  9.100912e+03
20.3950  0.0050  5.651873e+03
20.4050  0.0050  2.195416e+03
20.4150  0.0050  0.000000e+00
20.4250  0.0050  0.000000e+00
20.4350  0.0050  0.000000e+00
20.4450  0.0050  0.000000e+00
20.4550  0.0050  0.000000e+00
20.4650  0.0050  0.000000e+00
20.4750  0.0050  0.000000e+00
20.4850  0.0050  0.000000e+00
20.4950  0.0050  0.000000e+00
20.5050  0.0050  0.000000e+00
20.5150  0.0050  0.000000e+00
20.5250  0.0050  0.000000e+00
20.5350  0.0050  0.000000e+00
20.5450  0.0050  0.000000e+00
20.5550  0.0050  0.000000e+00
20.5650  0.0050  0.000000e+00
20.5750  0.0050  0.000000e+00
20.5850  0.0050  0.000000e+00
20.5950  0.0050  0.000000e+00
20.6050  0.0050  0.000000e+00
20.6150  0.0050  0.000000e+00
20.6250  0.0050  0.000000e+00
20.6350  0.0050  0.000000e+00
20.6450  0.0050  0.000000e+00
20.6550  0.0050  0.000000e+00
20.6650  0.0050  0.000000e+00
20.6750  0.0050  0.000000e+00
20.6850  0.0050  0.000000e+00
20.6950  0.0050  0.000000e+00
20.7050  0.0050  0.000000e+00
20.7150  0.0050  0.000000e+00
20.7250  0.0050  0.000000e+00
20.7350  0.0050  0.000000e+00
20.7450  0.0050  0.000000e+00
20.7550  0.0050  0.000000e+00
20.7650  0.0050  0.000000e+00
20.7750  0.0050  0.000000e+00
20.7850  0.0050  0.000000e+00
20.7950  0.0050  0.000000e+00
20.8050  0.0050  0.000000e+00
20.8150  0.0050  0.000000e+00
20.8250  0.0050  0.000000e+00
20.8350  0.0050  0.000000e+00
20.8450  0.0050  0.000000e+00
20.8550  0.0050  0.000000e+00
20.8650  0.0050  0.000000e+00
20.8750  0.0050  0.000000e+00
20.8850  0.0050  0.000000e+00
20.8950  0.0050  0.000000e+00
20.9050  0.0050  0.000000e+00
20.9150  0.0050  0.000000e+00
20.9250  0.0050  0.000000e+00
20.9350  0.0050  0.000000e+00
20.9450  0.0050  0.000000e+00
20.9550  0.0050  0.000000e+00
20.9650  0.0050  0.000000e+00
20.9750  0.0050  0.000000e+00
20.9850  0.0050  0.000000e+00
20.9950  0.0050  0.000000e+00
21.0050  0.0050  0.000000e+00
21.0150  0.0050  0.000000e+00
21.0250  0.0050  0.000000e+00
21.0350  0.0050  0.000000e+00
21.0450  0.0050  0.000000e+00
21.0550  0.0050  0.000000e+00
21.0650  0.0050  0.000000e+00
21.0750  0.0050  0.000000e+00
21.0850  0.0050  0.000000e+00
21.0950  0.0050  0.000000e+00
21.1050  0.0050  0.000000e+00
21.1150  0.0050  0.000000e+00
21.1250  0.0050  0.000000e+00
21.1350  0.0050  0.000000e+00
21.1450  0.0050  0.000000e+00
21.1550  0.0050  0.000000e+00
21.1650  0.0050  0.000000e+00
21.1750  0.0050  0.000000e+00
21.1850  0.0050  0.000000e+00
21.1950  0.0050  0.000000e+00
21.2050  0.0050  0.000000e+00
21.2150  0.0050  0.000000e+00
21.2250  0.0050  0.000000e+00
21.2350  0.0050  0.000000e+00
21.2450  0.0050  0.000000e+00
21.2550  0.0050  0.000000e+00
21.2650  0.0050  0.000000e+00
21.2750  0.0050  0.000000e+00
21.2850  0.0050  0.000000e+00
21.2950  0.0050  0.000000e+00
21.3050  0.0050  0.000000e+00
21.3150  0.0050  0.000000e+00
21.3250  0.0050  0.000000e+00
21.3350  0.0050  0.000000e+00
21.3450  0.0050  0.000000e+00
21.3550  0.0050  0.000000e+00
21.3650  0.0050  0.000000e+00
21.3750  0.0050  0.000000e+00
21.3850  0.0050  0.000000e+00
21.3950  0.0050  0.000000e+00
21.4050  0.0050  0.000000e+00
21.4150  0.0050  0.000000e+00
21.4250  0.0050  0.000000e+00
21.4350  0.0050  0.000000e+00
21.4450  0.0050  0.000000e+00
21.4550  0.0050  0.000000e+00
21.4650  0.0050  0.000000e+00
21.4750  0.0050  0.000000e+00
21.4850  0.0050  0.000000e+00
21.4950  0.0050  0.000000e+00
21.5050  0.0050  0.000000e+00
21.5150  0.0050  0.000000e+00
21.5250  0.0050  0.000000e+00
21.5350  0.0050  0.000000e+00
21.5450  0.0050  0.000000e+00
21.5550  0.0050  0.000000e+00
21.5650  0.0050  0.000000e+00
21.5750  0.0050  0.000000e+00
21.5850  0.0050  0.000000e+00
21.5950  0.0050  0.000000e+00
21.6050  0.0050  0.000000e+00
21.6150  0.0050  0.000000e+00
21.6250  0.0050  0.000000e+00
21.6350  0.0050  0.000000e+00
21.6450  0.0050  0.000000e+00
21.6550  0.0050  0.000000e+00
21.6650  0.0050  0.000000e+00
21.6750  0.0050  0.000000e+00
21.6850  0.0050  0.000000e+00
21.6950  0.0050  0.000000e+00
21.7050  0.0050  0.000000e+00
21.7150  0.0050  0.000000e+00
21.7250  0.0050  0.000000e+00
21.7350  0.0050  0.000000e+00
21.7450  0.0050  0.000000e+00
21.7550  0.0050  0.000000e+00
21.7650  0.0050  0.000000e+00
21.7750  0.0050  0.000000e+00
21.7850  0.0050  0.000000e+00
21.7950  0.0050  0.000000e+00
21.8050  0.0050  0.000000e+00
21.8150  0.0050  0.000000e+00
21.8250  0.0050  0.000000e+00
21.8350  0.0050  0.000000e+00
21.8450  0.0050  0.000000e+00
21.8550  0.0050  0.000000e+00
21.8650  0.0050  0.000000e+00
21.8750  0.0050  0.000000e+00
21.8850  0.0050  0.000000e+00
21.8950  0.0050  0.000000e+00
21.9050  0.0050  0.000000e+00
21.9150  0.0050  0.000000e+00
21.9250  0.0050  0.000000e+00
21.9350  0.0050  0.000000e+00
21.9450  0.0050  0.000000e+00
21.9550  0.0050  0.000000e+00
21.9650  0.0050  0.000000e+00
21.9750  0.0050  0.000000e+00
21.9850  0.0050  0.000000e+00
21.9950  0.0050  0.000000e+00
22.0050  0.0050  0.000000e+00
22.0150  0.0050  0.000000e+00
22.0250  0.0050  0.000000e+00
22.0350  0.0050  0.000000e+00
22.0450  0.0050  0.000000e+00
22.0550  0.0050  0.000000e+00
22.0650  0.0050  0.000000e+00
22.0750  0.0050  0.000000e+00
22.0850  0.0050  0.000000e+00
22.0950  0.0050  0.000000e+00
22.1050  0.0050  0.000000e+00
22.1150  0.0050  0.000000e+00
22.1250  0.0050  0.000000e+00
22.1350  0.0050  0.000000e+00
22.1450  0.0050  0.000000e+00
22.1550  0.0050  0.000000e+00
22.1650  0.0050  0.000000e+00
22.1750  0.0050  0.000000e+00
22.1850  0.0050  0.000000e+00
22.1950  0.0050  0.000000e+00
22.2050  0.0050  0.000000e+00
22.2150  0.0050  0.000000e+00
22.2250  0.0050  0.000000e+00
22.2350  0.0050  0.000000e+00
22.2450  0.0050  0.000000e+00
22.2550  0.0050  0.000000e+00
22.2650  0.0050  0.000000e+00
22.2750  0.0050  0.000000e+00
22.2850  0.0050  0.000000e+00
22.2950  0.0050  0.000000e+00
22.3050  0.0050  0.000000e+00
22.3150  0.0050  0.000000e+00
22.3250  0.0050  0.000000e+00
22.3350  0.0050  0.000000e+00
22.3450  0.0050  0.000000e+00
22.3550  0.0050  0.000000e+00
22.3650  0.0050  0.000000e+00
22.3750  0.0050  0.000000e+00
22.3850  0.0050  0.000000e+00
22.3950  0.0050  0.000000e+00
22.4050  0.0050  0.000000e+00
22.4150  0.0050  0.000000e+00
22.4250  0.0050  0.000000e+00
22.4350  0.0050  0.000000e+00
22.4450  0.0050  0.000000e+00
22.4550  0.0050  0.000000e+00
22.4650  0.0050  0.000000e+00
22.4750  0.0050  0.000000e+00
22.4850  0.0050  0.000000e+00
22.4950  0.0050  0.000000e+00
22.5050  0.0050  0.000000e+00
22.5150  0.0050  0.000000e+00
22.5250  0.0050  0.000000e+00
22.5350  0.0050  0.000000e+00
22.5450  0.0050  0.000000e+00
22.5550  0.0050  0.000000e+00
22.5650  0.0050  0.000000e+00
22.5750  0.0050  0.000000e+00
22.5850  0.0050  0.000000e+00
22.5950  0.0050  0.000000e+00
22.6050  0.0050  0.000000e+00
22.6150  0.0050  0.000000e+00
22.6250  0.0050  0.000000e+00
22.6350  0.0050  0.000000e+00
22.6450  0.0050  0.000000e+00
22.6550  0.0050  0.000000e+00
22.6650  0.0050  0.000000e+00
22.6750  0.0050  0.000000e+00
22.6850  0.0050  0.000000e+00
22.6950  0.0050  0.000000e+00
22.7050  0.0050  0.000000e+00
22.7150  0.0050  0.000000e+00
22.7250  0.0050  0.000000e+00
22.7350  0.0050  0.000000e+00
22.7450  0.0050  0.000000e+00
22.7550  0.0050  0.000000e+00
22.7650  0.0050  0.000000e+00
22.7750  0.0050  0.000000e+00
22.7850  0.0050  0.000000e+00
22.7950  0.0050  0.000000e+00
22.8050  0.0050  0.000000e+00
22.8150  0.0050  0.000000e+00
22.8250  0.0050  0.000000e+00
22.8350  0.0050  0.000000e+00
22.8450  0.0050  0.000000e+00
22.8550  0.0050  0.000000e+00
22.8650  0.0050  0.000000e+00
22.8750  0.0050  0.000000e+00
22.8850  0.0050  0.000000e+00
22.8950  0.0050  0.000000e+00
22.9050  0.0050  0.000000e+00
22.9150  0.0050  0.000000e+00
22.9250  0.0050  0.000000e+00
22.9350  0.0050  0.000000e+00
22.9450  0.0050  0.000000e+00
22.9550  0.0050  0.000000e+00
22.9650  0.0050  0.000000e+00
22.9750  0.0050  0.000000e+00
22.9850  0.0050  0.000000e+00
22.9950  0.0050  0.000000e+00
23.0050  0.0050  0.000000e+00
23.0150  0.0050  0.000000e+00
23.0250  0.0050  0.000000e+00
23.0350  0.0050  0.000000e+00
23.0450  0.0050  0.000000e+00
23.0550  0.0050  0.000000e+00
23.0650  0.0050  0.000000e+00
23.0750  0.0050  0.000000e+00
23.0850  0.0050  0.000000e+00
23.0950  0.0050  0.000000e+00
23.1050  0.0050  0.000000e+00
23.1150  0.0050  0.000000e+00
23.1250  0.0050  0.000000e+00
23.1350  0.0050  0.000000e+00
23.1450  0.0050  0.000000e+00
23.1550  0.0050  0.000000e+00
23.1650  0.0050  0.000000e+00
23.1750  0.0050  0.000000e+00
23.1850  0.0050  0.000000e+00
23.1950  0.0050  0.000000e+00
23.2050  0.0050  0.000000e+00
23.2150  0.0050  0.000000e+00
23.2250  0.0050  0.000000e+00
23.2350  0.0050  0.000000e+00
23.2450  0.0050  0.000000e+00
23.2550  0.0050  0.000000e+00
23.2650  0.0050  0.000000e+00
23.2750  0.0050  0.000000e+00
23.2850  0.0050  0.000000e+00
23.2950  0.0050  0.000000e+00
23.3050  0.0050  0.000000e+00
23.3150  0.0050  0.000000e+00
23.3250  0.0050  0.000000e+00
23.3350  0.0050  0.000000e+00
23.3450  0.0050  0.000000e+00
23.3550  0.0050  0.000000e+00
23.3650  0.0050  0.000000e+00
23.3750  0.0050  0.000000e+00
23.3850  0.0050  0.000000e+00
23.3950  0.0050  0.000000e+00
23.4050  0.0050  0.000000e+00
23.4150  0.0050  0.000000e+00
23.4250  0.0050  0.000000e+00
23.4350  0.0050  0.000000e+00
23.4450  0.0050  0.000000e+00
23.4550  0.0050  0.000000e+00
23.4650  0.0050  8.767745e+02
23.4750  0.0050  5.648783e+03
23.4850  0.0050  1.043045e+04
23.4950  0.0050  1.522179e+04
23.5050  0.0050  2.002281e+04
23.5150  0.0050  2.483352e+04
23.5250  0.0050  2.663224e+04
23.5350  0.0050  2.185902e+04
23.5450  0.0050  1.707936e+04
23.5550  0.0050  1.228349e+04
23.5650  0.0050  7.481190e+03
23.5750  0.0050  2.669162e+03
23.5850  0.0050  0.000000e+00
23.5950  0.0050  0.000000e+00
23.6050  0.0050  0.000000e+00
23.6150  0.0050  0.000000e+00
23.6250  0.0050  0.000000e+00
23.6350  0.0050  0.000000e+00
23.6450  0.0050  0.000000e+00
23.6550  0.0050  0.000000e+00
23.6650  0.0050  0.000000e+00
23.6750  0.0050  0.000000e+00
23.6850  0.0050  0.000000e+00
23.6950  0.0050  0.000000e+00
23.7050  0.0050  0.000000e+00
23.7150  0.0050  0.000000e+00
23.7250  0.0050  0.000000e+00
23.7350  0.0050  0.000000e+00
23.7450  0.0050  0.000000e+00
23.7550  0.0050  0.000000e+00
23.7650  0.0050  0.000000e+00
23.7750  0.0050  0.000000e+00
23.7850  0.0050  0.000000e+00
23.7950  0.0050  0.000000e+00
23.8050  0.0050  0.000000e+00
23.8150  0.0050  0.000000e+00
23.8250  0.0050  0.000000e+00
23.8350  0.0050  0.000000e+00
23.8450  0.0050  0.000000e+00
23.8550  0.0050  0.000000e+00
23.8650  0.0050  0.000000e+00
23.8750  0.0050  0.000000e+00
23.8850  0.0050  0.000000e+00
23.8950  0.0050  0.000000e+00
23.9050  0.0050  0.000000e+00
23.9150  0.0050  0.000000e+00
23.9250  0.0050  0.000000e+00
23.9350  0.0050  0.000000e+00
23.9450  0.0050  0.000000e+00
23.9550  0.0050  0.000000e+00
23.9650  0.0050  0.000000e+00
23.9750  0.0050  0.000000e+00
23.9850  0.0050  0.000000e+00
23.9950  0.0050  0.000000e+00
24.0050  0.0050  0.000000e+00
24.0150  0.0050  0.000000e+00
24.0250  0.0050  0.000000e+00
24.0350  0.0050  0.000000e+00
24.0450  0.0050  0.000000e+00
24.0550  0.0050  0.000000e+00
24.0650  0.0050  0.000000e+00
24.0750  0.0050  0.000000e+00
24.0850  0.0050  0.000000e+00
24.0950  0.0050  0.000000e+00
24.1050  0.0050  0.000000e+00
24.1150  0.0050  0.000000e+00
24.1250  0.0050  0.000000e+00
24.1350  0.0050  0.000000e+00
24.1450  0.0050  0.000000e+00
24.1550  0.0050  0.000000e+00
24.1650  0.0050  0.000000e+00
24.1750  0.0050  0.000000e+00
24.1850  0.0050  0.000000e+00
24.1950  0.0050  0.000000e+00
24.2050  0.0050  0.000000e+00
24.2150  0.0050  0.000000e+00
24.2250  0.0050  0.000000e+00
24.2350  0.0050  0.000000e+00
24.2450  0.0050  0.000000e+00
24.2550  0.0050  0.000000e+00
24.2650  0.0050  0.000000e+00
24.2750  0.0050  0.000000e+00
24.2850  0.0050  0.000000e+00
24.2950  0.0050  0.000000e+00
24.3050  0.0050  0.000000e+00
24.3150  0.0050  0.000000e+00
24.3250  0.0050  0.000000e+00
24.3350  0.0050  0.000000e+00
24.3450  0.0050  0.000000e+00
24.3550  0.0050  0.000000e+00
24.3650  0.0050  0.000000e+00
24.3750  0.0050  0.000000e+00
24.3850  0.0050  0.000000e+00
24.3950  0.0050  0.000000e+00
24.4050  0.0050  0.000000e+00
24.4150  0.0050  0.000000e+00
24.4250  0.0050  0.000000e+00
24.4350  0.0050  0.000000e+00
24.4450  0.0050  0.000000e+00
24.4550  0.0050  0.000000e+00
24.4650  0.0050  0.000000e+00
24.4750  0.0050  0.000000e+00
24.4850  0.0050  0.000000e+00
24.4950  0.0050  0.000000e+00
24.5050  0.0050  0.000000e+00
24.5150  0.0050  0.000000e+00
24.5250  0.0050  0.000000e+00
24.5350  0.0050  0.000000e+00
24.5450  0.0050  0.000000e+00
24.5550  0.0050  0.000000e+00
24.5650  0.0050  0.000000e+00
24.5750  0.0050  0.000000e+00
24.5850  0.0050  0.000000e+00
24.5950  0.0050  0.000000e+00
24.6050  0.0050  0.000000e+00
24.6150  0.0050  0.000000e+00
24.6250  0.0050  0.000000e+00
24.6350  0.0050  0.000000e+00
24.6450  0.0050  0.000000e+00
24.6550  0.0050  0.000000e+00
24.6650  0.0050  0.000000e+00
24.6750  0.0050  0.000000e+00
24.6850  0.0050  0.000000e+00
24.6950  0.0050  0.000000e+00
24.7050  0.0050  0.000000e+00
24.7150  0.0050  0.000000e+00
24.7250  0.0050  0.000000e+00
24.7350  0.0050  0.000000e+00
24.7450  0.0050  0.000000e+00
24.7550  0.0050  0.000000e+00
24.7650  0.0050  0.000000e+00
24.7750  0.0050  0.000000e+00
24.7850  0.0050  0.000000e+00
24.7950  0.0050  0.000000e+00
24.8050  0.0050  0.000000e+00
24.8150  0.0050  0.000000e+00
24.8250  0.0050  0.000000e+00
24.8350  0.0050  0.000000e+00
24.8450  0.0050  0.000000e+00
24.8550  0.0050  0.000000e+00
24.8650  0.0050  0.000000e+00
24.8750  0.0050  0.000000e+00
24.8850  0.0050  0.000000e+00
24.8950  0.0050  0.000000e+00
24.9050  0.0050  0.000000e+00
24.9150  0.0050  0.000000e+00
24.9250  0.0050  0.000000e+00
24.9350  0.0050  0.000000e+00
24.9450  0.0050  0.000000e+00
24.9550  0.0050  0.000000e+00
24.9650  0.0050  0.000000e+00
24.9750  0.0050  0.000000e+00
24.9850  0.0050  0.000000e+00
24.9950  0.0050  0.000000e+00
25.0050  0.0050  0.000000e+00
25.0150  0.0050  0.000000e+00
25.0250  0.0050  0.000000e+00
25.0350  0.0050  0.000000e+00
25.0450  0.0050  0.000000e+00
25.0550  0.0050  0.000000e+00
25.0650  0.0050  0.000000e+00
25.0750  0.0050  0.000000e+00
25.0850  0.0050  0.000000e+00
25.0950  0.0050  0.000000e+00
25.1050  0.0050  0.000000e+00
25.1150  0.0050  0.000000e+00
25.1250  0.0050  0.000000e+00
25.1350  0.0050  0.000000e+00
25.1450  0.0050  0.000000e+00
25.1550  0.0050  0.000000e+00
25.1650  0.0050  0.000000e+00
25.1750  0.0050  0.000000e+00
25.1850  0.0050  0.000000e+00
25.1950  0.0050  0.000000e+00
25.2050  0.0050  0.000000e+00
25.2150  0.0050  0.000000e+00
25.2250  0.0050  0.000000e+00
25.2350  0.0050  0.000000e+00
25.2450  0.0050  0.000000e+00
25.2550  0.0050  0.000000e+00
25.2650  0.0050  0.000000e+00
25.2750  0.0050  0.000000e+00
25.2850  0.0050  0.000000e+00
25.2950  0.0050  0.000000e+00
25.3050  0.0050  0.000000e+00
25.3150  0.0050  0.000000e+00
25.3250  0.0050  0.000000e+00
25.3350  0.0050  0.000000e+00
25.3450  0.0050  0.000000e+00
25.3550  0.0050  0.000000e+00
25.3650  0.0050  0.000000e+00
25.3750  0.0050  0.000000e+00
25.3850  0.0050  0.000000e+00
25.3950  0.0050  0.000000e+00
25.4050  0.0050  0.000000e+00
25.4150  0.0050  0.000000e+00
25.4250  0.0050  0.000000e+00
25.4350  0.0050  0.000000e+00
25.4450  0.0050  0.000000e+00
25.4550  0.0050  0.000000e+00
25.4650  0.0050  0.000000e+00
25.4750  0.0050  0.000000e+00
25.4850  0.0050  0.000000e+00
25.4950  0.0050  0.000000e+00
25.5050  0.0050  0.000000e+00
25.5150  0.0050  0.000000e+00
25.5250  0.0050  0.000000e+00
25.5350  0.0050  0.000000e+00
25.5450  0.0050  0.000000e+00
25.5550  0.0050  0.000000e+00
25.5650  0.0050  0.000000e+00
25.5750  0.0050  0.000000e+00
25.5850  0.0050  0.000000e+00
25.5950  0.0050  0.000000e+00
25.6050  0.0050  0.000000e+00
25.6150  0.0050  0.000000e+00
25.6250  0.0050  0.000000e+00
25.6350  0.0050  0.000000e+00
25.6450  0.0050  0.000000e+00
25.6550  0.0050  0.000000e+00
25.6650  0.0050  0.000000e+00
25.6750  0.0050  0.000000e+00
25.6850  0.0050  0.000000e+00
25.6950  0.0050  0.000000e+00
25.7050  0.0050  0.000000e+00
25.7150  0.0050  0.000000e+00
25.7250  0.0050  0.000000e+00
25.7350  0.0050  0.000000e+00
25.7450  0.0050  0.000000e+00
25.7550  0.0050  0.000000e+00
25.7650  0.0050  0.000000e+00
25.7750  0.0050  0.000000e+00
25.7850  0.0050  0.000000e+00
25.7950  0.0050  0.000000e+00
25.8050  0.0050  0.000000e+00
25.8150  0.0050  0.000000e+00
25.8250  0.0050  0.000000e+00
25.8350  0.0050  0.000000e+00
25.8450  0.0050  0.000000e+00
25.8550  0.0050  0.000000e+00
25.8650  0.0050  0.000000e+00
25.8750  0.0050  0.000000e+00
25.8850  0.0050  0.000000e+00
25.8950  0.0050  0.000000e+00
25.9050  0.0050  0.000000e+00
25.9150  0.0050  0.000000e+00
25.9250  0.0050  0.000000e+00
25.9350  0.0050  0.000000e+00
25.9450  0.0050  0.000000e+00
25.9550  0.0050  0.000000e+00
25.9650  0.0050  0.000000e+00
25.9750  0.0050  0.000000e+00
25.9850  0.0050  0.000000e+00
25.9950  0.0050  0.000000e+00
26.0050  0.0050  0.000000e+00
26.0150  0.0050  0.000000e+00
26.0250  0.0050  0.000000e+00
26.0350  0.0050  0.000000e+00
26.0450  0.0050  0.000000e+00
26.0550  0.0050  0.000000e+00
26.0650  0.0050  0.000000e+00
26.0750  0.0050  0.000000e+00
26.0850  0.0050  0.000000e+00
26.0950  0.0050  0.000000e+00
26.1050  0.0050  0.000000e+00
26.1150  0.0050  0.000000e+00
26.1250  0.0050  0.000000e+00
26.1350  0.0050  0.000000e+00
26.1450  0.0050  0.000000e+00
26.1550  0.0050  0.000000e+00
26.1650  0.0050  0.000000e+00
26.1750  0.0050  0.000000e+00
26.1850  0.0050  0.000000e+00
26.1950  0.0050  0.000000e+00
26.2050  0.0050  0.000000e+00
26.2150  0.0050  0.000000e+00
26.2250  0.0050  0.000000e+00
26.2350  0.0050  0.000000e+00
26.2450  0.0050  0.000000e+00
26.2550  0.0050  0.000000e+00
26.2650  0.0050  0.000000e+00
26.2750  0.0050  0.000000e+00
26.2850  0.0050  0.000000e+00
26.2950  0.0050  0.000000e+00
26.3050  0.0050  0.000000e+00
26.3150  0.0050  0.000000e+00
26.3250  0.0050  0.000000e+00
26.3350  0.0050  0.000000e+00
26.3450  0.0050  0.000000e+00
26.3550  0.0050  0.000000e+00
26.3650  0.0050  0.000000e+00
26.3750  0.0050  0.000000e+00
26.3850  0.0050  0.000000e+00
26.3950  0.0050  0.000000e+00
26.4050  0.0050  0.000000e+00
26.4150  0.0050  0.000000e+00
26.4250  0.0050  0.000000e+00
26.4350  0.0050  0.000000e+00
26.4450  0.0050  0.000000e+00
26.4550  0.0050  0.000000e+00
26.4650  0.0050  0.000000e+00
26.4750  0.0050  0.000000e+00
26.4850  0.0050  0.000000e+00
26.4950  0.0050  0.000000e+00
26.5050  0.0050  0.000000e+00
26.5150  0.0050  0.000000e+00
26.5250  0.0050  0.000000e+00
26.5350  0.0050  0.000000e+00
26.5450  0.0050  0.000000e+00
26.5550  0.0050  0.000000e+00
26.5650  0.0050  0.000000e+00
26.5750  0.0050  0.000000e+00
26.5850  0.0050  0.000000e+00
26.5950  0.0050  0.000000e+00
26.6050  0.0050  0.000000e+00
26.6150  0.0050  0.000000e+00
26.6250  0.0050  0.000000e+00
26.6350  0.0050  0.000000e+00
26.6450  0.0050  0.000000e+00
26.6550  0.0050  0.000000e+00
26.6650  0.0050  0.000000e+00
26.6750  0.0050  0.000000e+00
26.6850  0.0050  0.000000e+00
26.6950  0.0050  0.000000e+00
26.7050  0.0050  0.000000e+00
26.7150  0.0050  0.000000e+00
26.7250  0.0050  0.000000e+00
26.7350  0.0050  0.000000e+00
26.7450  0.0050  0.000000e+00
26.7550  0.0050  0.000000e+00
26.7650  0.0050  0.000000e+00
26.7750  0.0050  0.000000e+00
26.7850  0.0050  0.000000e+00
26.7950  0.0050  0.000000e+00
26.8050  0.0050  0.000000e+00
26.8150  0.0050  0.000000e+00
26.8250  0.0050  0.000000e+00
26.8350  0.0050  0.000000e+00
26.8450  0.0050  0.000000e+00
26.8550  0.0050  0.000000e+00
26.8650  0.0050  0.000000e+00
26.8750  0.0050  1.047386e+04
26.8850  0.0050  2.377223e+04
26.8950  0.0050  3.709735e+04
26.9050  0.0050  5.044725e+04
26.9150  0.0050  6.382195e+04
26.9250  0.0050  7.722155e+04
26.9350  0.0050  9.064596e+04
26.9450  0.0050  1.040953e+05
26.9550  0.0050  1.175919e+05
26.9650  0.0050  1.310687e+05
26.9750  0.0050  1.445928e+05
26.9850  0.0050  1.560943e+05
26.9950  0.0050  1.293849e+05
27.0050  0.0050  1.026256e+05
27.0150  0.0050  7.581658e+04
27.0250  0.0050  4.895765e+04
27.0350  0.0050  2.204874e+04
27.0450  0.0050  0.000000e+00
27.0550  0.0050  0.000000e+00
27.0650  0.0050  0.000000e+00
27.0750  0.0050  0.000000e+00
27.0850  0.0050  0.000000e+00
27.0950  0.0050  0.000000e+00
27.1050  0.0050  0.000000e+00
27.1150  0.0050  0.000000e+00
27.1250  0.0050  0.000000e+00
27.1350  0.0050  0.000000e+00
27.1450  0.0050  0.000000e+00
27.1550  0.0050  0.000000e+00
27.1650  0.0050  0.000000e+00
27.1750  0.0050  0.000000e+00
27.1850  0.0050  0.000000e+00
27.1950  0.0050  0.000000e+00
27.2050  0.0050  0.000000e+00
27.2150  0.0050  0.000000e+00
27.2250  0.0050  0.000000e+00
27.2350  0.0050  0.000000e+00
27.2450  0.0050  0.000000e+00
27.2550  0.0050  0.000000e+00
27.2650  0.0050  0.000000e+00
27.2750  0.0050  0.000000e+00
27.2850  0.0050  0.000000e+00
27.2950  0.0050  0.000000e+00
27.3050  0.0050  0.000000e+00
27.3150  0.0050  0.000000e+00
27.3250  0.0050  0.000000e+00
27.3350  0.0050  0.000000e+00
27.3450  0.0050  0.000000e+00
27.3550  0.0050  0.000000e+00
27.3650  0.0050  0.000000e+00
27.3750  0.0050  0.000000e+00
27.3850  0.0050  0.000000e+00
27.3950  0.0050  0.000000e+00
27.4050  0.0050  0.000000e+00
27.4150  0.0050  0.000000e+00
27.4250  0.0050  0.000000e+00
27.4350  0.0050  0.000000e+00
27.4450  0.0050  0.000000e+00
27.4550  0.0050  0.000000e+00
27.4650  0.0050  0.000000e+00
27.4750  0.0050  0.000000e+00
27.4850  0.0050  0.000000e+00
27.4950  0.0050  0.000000e+00
27.5050  0.0050  0.000000e+00
27.5150  0.0050  0.000000e+00
27.5250  0.0050  0.000000e+00
27.5350  0.0050  0.000000e+00
27.5450  0.0050  0.000000e+00
27.5550  0.0050  0.000000e+00
27.5650  0.0050  0.000000e+00
27.5750  0.0050  0.000000e+00
27.5850  0.0050  0.000000e+00
27.5950  0.0050  0.000000e+00
27.6050  0.0050  0.000000e+00
27.6150  0.0050  0.000000e+00
27.6250  0.0050  0.000000e+00
27.6350  0.0050  0.000000e+00
27.6450  0.0050  0.000000e+00
27.6550  0.0050  0.000000e+00
27.6650  0.0050  0.000000e+00
27.6750  0.0050  0.000000e+00
27.6850  0.0050  0.000000e+00
27.6950  0.0050  0.000000e+00
27.7050  0.0050  0.000000e+00
27.7150  0.0050  0.000000e+00
27.7250  0.0050  0.000000e+00
27.7350  0.0050  0.000000e+00
27.7450  0.0050  0.000000e+00
27.7550  0.0050  0.000000e+00
27.7650  0.0050  0.000000e+00
27.7750  0.0050  0.000000e+00
27.7850  0.0050  0.000000e+00
27.7950  0.0050  0.000000e+00
27.8050  0.0050  0.000000e+00
27.8150  0.0050  0.000000e+00
27.8250  0.0050  0.000000e+00
27.8350  0.0050  0.000000e+00
27.8450  0.0050  0.000000e+00
27.8550  0.0050  0.000000e+00
27.8650  0.0050  0.000000e+00
27.8750  0.0050  0.000000e+00
27.8850  0.0050  0.000000e+00
27.8950  0.0050  0.000000e+00
27.9050  0.0050  0.000000e+00
27.9150  0.0050  0.000000e+00
27.9250  0.0050  0.000000e+00
27.9350  0.0050  0.000000e+00
27.9450  0.0050  0.000000e+00
27.9550  0.0050  0.000000e+00
27.9650  0.0050  0.000000e+00
27.9750  0.0050  0.000000e+00
27.9850  0.0050  0.000000e+00
27.9950  0.0050  0.000000e+00
28.0050  0.0050  0.000000e+00
28.0150  0.0050  0.000000e+00
28.0250  0.0050  0.000000e+00
28.0350  0.0050  0.000000e+00
28.0450  0.0050  0.000000e+00
28.0550  0.0050  0.000000e+00
28.0650  0.0050  0.000000e+00
28.0750  0.0050  0.000000e+00
28.0850  0.0050  0.000000e+00
28.0950  0.0050  0.000000e+00
28.1050  0.0050  0.000000e+00
28.1150  0.0050  0.000000e+00
28.1250  0.0050  0.000000e+00
28.1350  0.0050  0.000000e+00
28.1450  0.0050  0.000000e+00
28.1550  0.0050  0.000000e+00
28.1650  0.0050  0.000000e+00
28.1750  0.0050  0.000000e+00
28.1850  0.0050  0.000000e+00
28.1950  0.0050  0.000000e+00
28.2050  0.0050  0.000000e+00
28.2150  0.0050  0.000000e+00
28.2250  0.0050  0.000000e+00
28.2350  0.0050  0.000000e+00
28.2450  0.0050  0.000000e+00
28.2550  0.0050  0.000000e+00
28.2650  0.0050  0.000000e+00
28.2750  0.0050  0.000000e+00
28.2850  0.0050  0.000000e+00
28.2950  0.0050  0.000000e+00
28.3050  0.0050  0.000000e+00
28.3150  0.0050  0.000000e+00
28.3250  0.0050  0.000000e+00
28.3350  0.0050  0.000000e+00
28.3450  0.0050  0.000000e+00
28.3550  0.0050  0.000000e+00
28.3650  0.0050  0.000000e+00
28.3750  0.0050  0.000000e+00
28.3850  0.0050  0.000000e+00
28.3950  0.0050  0.000000e+00
28.4050  0.0050  0.000000e+00
28.4150  0.0050  0.000000e+00
28.4250  0.0050  0.000000e+00
28.4350  0.0050  0.000000e+00
28.4450  0.0050  0.000000e+00
28.4550  0.0050  0.000000e+00
28.4650  0.0050  0.000000e+00
28.4750  0.0050  0.000000e+00
28.4850  0.0050  0.000000e+00
28.4950  0.0050  0.000000e+00
28.5050  0.0050  0.000000e+00
28.5150  0.0050  0.000000e+00
28.5250  0.0050  0.000000e+00
28.5350  0.0050  0.000000e+00
28.5450  0.0050  0.000000e+00
28.5550  0.0050  0.000000e+00
28.5650  0.0050  0.000000e+00
28.5750  0.0050  0.000000e+00
28.5850  0.0050  0.000000e+00
28.5950  0.0050  0.000000e+00
28.6050  0.0050  0.000000e+00
28.6150  0.0050  0.000000e+00
28.6250  0.0050  0.000000e+00
28.6350  0.0050  0.000000e+00
28.6450  0.0050  0.000000e+00
28.6550  0.0050  0.000000e+00
28.6650  0.0050  0.000000e+00
28.6750  0.0050  0.000000e+00
28.6850  0.0050  0.000000e+00
28.6950  0.0050  0.000000e+00
28.7050  0.0050  0.000000e+00
28.7150  0.0050  0.000000e+00
28.7250  0.0050  0.000000e+00
28.7350  0.0050  0.000000e+00
28.7450  0.0050  0.000000e+00
28.7550  0.0050  0.000000e+00
28.7650  0.0050  0.000000e+00
28.7750  0.0050  0.000000e+00
28.7850  0.0050  0.000000e+00
28.7950  0.0050  0.000000e+00
28.8050  0.0050  0.000000e+00
28.8150  0.0050  0.000000e+00
28.8250  0.0050  0.000000e+00
28.8350  0.0050  0.000000e+00
28.8450  0.0050  0.000000e+00
28.8550  0.0050  0.000000e+00
28.8650  0.0050  0.000000e+00
28.8750  0.0050  0.000000e+00
28.8850  0.0050  0.000000e+00
28.8950  0.0050  0.000000e+00
28.9050  0.0050  0.000000e+00
28.9150  0.0050  0.000000e+00
28.9250  0.0050  0.000000e+00
28.9350  0.0050  0.000000e+00
28.9450  0.0050  0.000000e+00
28.9550  0.0050  0.000000e+00
28.9650  0.0050  0.000000e+00
28.9750  0.0050  0.000000e+00
28.9850  0.0050  0.000000e+00
28.9950  0.0050  0.000000e+00
29.0050  0.0050  0.000000e+00
29.0150  0.0050  0.000000e+00
29.0250  0.0050  0.000000e+00
29.0350  0.0050  0.000000e+00
29.0450  0.0050  0.000000e+00
29.0550  0.0050  0.000000e+00
29.0650  0.0050  0.000000e+00
29.0750  0.0050  0.000000e+00
29.0850  0.0050  0.000000e+00
29.0950  0.0050  0.000000e+00
29.1050  0.0050  0.000000e+00
29.1150  0.0050  0.000000e+00
29.1250  0.0050  0.000000e+00
29.1350  0.0050  0.000000e+00
29.1450  0.0050  0.000000e+00
29.1550  0.0050  0.000000e+00
29.1650  0.0050  0.000000e+00
29.1750  0.0050  0.000000e+00
29.1850  0.0050  0.000000e+00
29.1950  0.0050  0.000000e+00
29.2050  0.0050  0.000000e+00
29.2150  0.0050  0.000000e+00
29.2250  0.0050  0.000000e+00
29.2350  0.0050  0.000000e+00
29.2450  0.0050  0.000000e+00
29.2550  0.0050  0.000000e+00
29.2650  0.0050  0.000000e+00
29.2750  0.0050  0.000000e+00
29.2850  0.0050  0.000000e+00
29.2950  0.0050  0.000000e+00
29.3050  0.0050  0.000000e+00
29.3150  0.0050  0.000000e+00
29.3250  0.0050  0.000000e+00
29.3350  0.0050  0.000000e+00
29.3450  0.0050  0.000000e+00
29.3550  0.0050  0.000000e+00
29.3650  0.0050  0.000000e+00
29.3750  0.0050  0.000000e+00
29.3850  0.0050  0.000000e+00
29.3950  0.0050  0.000000e+00
29.4050  0.0050  0.000000e+00
29.4150  0.0050  0.000000e+00
29.4250  0.0050  0.000000e+00
29.4350  0.0050  0.000000e+00
29.4450  0.0050  0.000000e+00
29.4550  0.0050  0.000000e+00
29.4650  0.0050  0.000000e+00
29.4750  0.0050  0.000000e+00
29.4850  0.0050  0.000000e+00
29.4950  0.0050  0.000000e+00
29.5050  0.0050  0.000000e+00
29.5150  0.0050  0.000000e+00
29.5250  0.0050  0.000000e+00
29.5350  0.0050  0.000000e+00
29.5450  0.0050  0.000000e+00
29.5550  0.0050  0.000000e+00
29.5650  0.0050  0.000000e+00
29.5750  0.0050  0.000000e+00
29.5850  0.0050  0.000000e+00
29.5950  0.0050  0.000000e+00
29.6050  0.0050  0.000000e+00
29.6150  0.0050  0.000000e+00
29.6250  0.0050  0.000000e+00
29.6350  0.0050  0.000000e+00
29.6450  0.0050  0.000000e+00
29.6550  0.0050  0.000000e+00
29.6650  0.0050  0.000000e+00
29.6750  0.0050  0.000000e+00
29.6850  0.0050  0.000000e+00
29.6950  0.0050  0.000000e+00
29.7050  0.0050  0.000000e+00
29.7150  0.0050  0.000000e+00
29.7250  0.0050  0.000000e+00
29.7350  0.0050  0.000000e+00
29.7450  0.0050  0.000000e+00
29.7550  0.0050  0.000000e+00
29.7650  0.0050  0.000000e+00
29.7750  0.0050  0.000000e+00
29.7850  0.0050  0.000000e+00
29.7950  0.0050  0.000000e+00
29.8050  0.0050  0.000000e+00
29.8150  0.0050  0.000000e+00
29.8250  0.0050  0.000000e+00
29.8350  0.0050  0.000000e+00
29.8450  0.0050  0.000000e+00
29.8550  0.0050  0.000000e+00
29.8650  0.0050  0.000000e+00
29.8750  0.0050  0.000000e+00
29.8850  0.0050  0.000000e+00
29.8950  0.0050  0.000000e+00
29.9050  0.0050  0.000000e+00
29.9150  0.0050  0.000000e+00
29.9250  0.0050  0.000000e+00
29.9350  0.0050  0.000000e+00
29.9450  0.0050  0.000000e+00
29.9550  0.0050  0.000000e+00
29.9650  0.0050  0.000000e+00
29.9750  0.0050  0.000000e+00
29.9850  0.0050  0.000000e+00
29.9950  0.0050  0.000000e+00
30.0050  0.0050  0.000000e+00
30.0150  0.0050  0.000000e+00
30.0250  0.0050  0.000000e+00
30.0350  0.0050  0.000000e+00
30.0450  0.0050  0.000000e+00
30.0550  0.0050  0.000000e+00
30.0650  0.0050  0.000000e+00
30.0750  0.0050  0.000000e+00
30.0850  0.0050  0.000000e+00
30.0950  0.0050  0.000000e+00
